click_weekday	click_hour	ln_country_popularity	orig_destination_distance	is_mobile	is_package	days_to_booking	duration_of_stay	srch_adults_cnt	srch_children_cnt	srch_rm_cnt	same_country	prop_is_branded	prop_starrating	distance_band_n	hist_price_band_n	popularity_band_n	cnt	user_id	srch_destination_id	date_time	site_name	user_location_region	user_location_city	user_location_latitude	user_location_longitude
0.0	184.9337	0.0	0.0	0.0	0.0	9.0	2.0	4.0	1.0	0.0	4.0	2.0	0.0	4.0	1	-2142929315.0	1249981.0	-2142929315	18683451	2015-12-19 17:55:00	EXPEDIA.COM	CA	MILPITAS	37.4249015	-121.91267350000001
0.0	331.1305	0.0	0.0	1.0	0.0	8.0	0.0	4.0	1.0	0.0	3.0	2.0	0.0	3.0	1	-1926055455.0	317966.0	-1926055455	187793194	2015-04-28 23:51:00	EXPEDIA.CA	BC	VANCOUVER	49.2801065	-123.1228845
0.0	227.5021	0.0	0.0	1.0	0.0	2.0	0.0	1.0	1.0	1.0	3.0	2.0	0.0	3.0	3	-1012506917.0	186929.0	-1012506917	5526679	2015-02-03 17:19:00	EXPEDIA.COM	CA	LOS ANGELES	34.059768	-118.312427
0.0	383.6124	0.0	0.0	0.0	0.0	6.0	0.0	3.0	1.0	1.0	2.0	2.0	0.0	4.0	1	-499072338.0	743007.0	-499072338	18701276	2015-04-16 03:57:00	EXPEDIA.COM	NC	DURHAM	35.9510765	-78.903125
0.0	135.9707	0.0	0.0	1.0	0.0	2.0	0.0	1.0	1.0	0.0	2.0	2.0	0.0	4.0	2	26593644.0	55861.0	26593644	5581518	2015-12-25 21:54:00	EXPEDIA.COM	CA	SANTA ROSA	38.447631	-122.7272
0.0	154.4673	0.0	0.0	0.0	0.0	8.0	6.0	4.0	1.0	1.0	2.0	0.0	0.0	3.0	1	691450921.0	305411.0	691450921	187759931	2015-03-15 22:26:00	EXPEDIA.COM	NM	SANTA FE	35.6847955	-105.9455875
0.0	151.7356	0.0	0.0	0.0	0.0	6.0	0.0	2.0	1.0	1.0	3.0	4.0	0.0	4.0	1	943406114.0	27268436.0	943406114	5581270	2015-05-06 13:41:00	EXPEDIA.COM	NJ	JERSEY CITY	40.725936	-74.040187
0.0	119.7358	1.0	0.0	0.0	0.0	9.0	0.0	5.0	1.0	1.0	3.0	3.0	0.0	2.0	1	1542836267.0	27048336.0	1542836267	190363001	2015-11-19 16:11:00	EXPEDIA.DE	AZ	PAGE	36.91547	-111.47781
0.0	357.3061	1.0	0.0	0.0	1.0	2.0	0.0	1.0	1.0	1.0	2.0	3.0	0.0	3.0	1	2094240554.0	425319.0	2094240554	5525873	2015-10-04 01:22:00	EXPEDIA.COM	PA	WARMINSTER	40.192612	-75.078071
0.0	381.7012	1.0	0.0	0.0	0.0	2.0	0.0	1.0	1.0	1.0	3.0	3.0	0.0	4.0	2	-1904847128.0	766288.0	-1904847128	24801518	2015-05-06 09:30:00	EXPEDIA.COM	CA	ROSEVILLE	38.76278	-121.26592
0.0	38.872	1.0	0.0	0.0	0.0	4.0	3.0	2.0	1.0	1.0	3.0	3.0	1.0	3.0	1	-2002859273.0	641110.0	-2002859273	191122346	2015-03-15 20:59:00	EXPEDIA.COM	CA	GLENDALE	34.142779	-118.256176
0.0	0.6328	0.0	0.0	0.0	0.0	1.0	0.0	1.0	1.0	1.0	3.0	2.0	1.0	4.0	1	-1541170479.0	766288.0	-1541170479	5526679	2015-04-23 23:45:00	EXPEDIA.COM	NV	LAS VEGAS	36.121975	-115.16696
0.0	21.4782	1.0	0.0	0.0	0.0	2.0	0.0	1.0	1.0	1.0	3.0	4.0	1.0	4.0	1	-1453875369.0	10147973.0	-1453875369	5526586	2015-12-27 01:26:00	EXPEDIA.COM	MO	GRAIN VALLEY	39.021209999999996	-94.19958000000001
0.0	4.952	1.0	0.0	0.0	1.0	2.0	0.0	1.0	1.0	1.0	4.0	4.0	1.0	4.0	1	-1309651926.0	449530.0	-1309651926	190342045	2015-02-09 22:41:00	EXPEDIA.COM	CA	IRVINE	33.679010999999996	-117.8395565
0.0	224.6528	1.0	0.0	0.0	0.0	2.0	0.0	1.0	1.0	1.0	4.0	2.0	1.0	3.0	2	-1298230964.0	1280640.0	-1298230964	24801518	2015-01-01 15:06:00	EXPEDIA.COM	CA	SYLMAR	34.302412000000004	-118.4727065
0.0	482.6123	0.0	0.0	1.0	0.0	2.0	2.0	1.0	1.0	1.0	3.0	2.0	1.0	3.0	2	-1188022852.0	110881450.0	-1188022852	18682211	2015-07-09 19:08:00	EXPEDIA.CA	SK	SASKATOON	52.131859999999996	-106.66929099999999
0.0	2.3973	0.0	0.0	0.0	0.0	2.0	0.0	1.0	1.0	1.0	3.0	1.0	1.0	2.0	2	-927043980.0	3693742.0	-927043980	254292	2015-06-21 15:49:00	EXPEDIA.COM	TX	IRVING	32.88078	-96.989874
0.0	9.6243	1.0	0.0	0.0	0.0	2.0	0.0	1.0	1.0	1.0	3.0	1.0	1.0	3.0	2	-866200085.0	778471.0	-866200085	187697404	2015-05-30 16:00:00	EXPEDIA.COM	AZ	PEORIA	33.635805000000005	-112.2364265
0.0	81.4167	1.0	0.0	0.0	0.0	3.0	0.0	1.0	1.0	1.0	3.0	3.0	1.0	3.0	1	-738452612.0	330738.0	-738452612	5526803	2015-12-31 21:59:00	EXPEDIA.CA	CA	OCEANSIDE	33.201584999999994	-117.3798585
0.0	1.0809	0.0	0.0	0.0	0.0	2.0	1.0	1.0	1.0	1.0	4.0	2.0	1.0	3.0	2	-702933576.0	763498.0	-702933576	24804091	2015-02-07 16:17:00	EXPEDIA.COM	CA	SAN FRANCISCO	37.7873335	-122.41347150000001
0.0	465.4182	0.0	0.0	0.0	0.0	4.0	0.0	2.0	1.0	0.0	4.0	1.0	2.0	4.0	2	-1916943947.0	17483.0	-1916943947	5580650	2015-12-24 09:12:00	EXPEDIA.CA	ON	MISSISSAUGA	43.632515999999995	-79.6417045
0.0	170.1662	0.0	0.0	1.0	0.0	1.0	0.0	1.0	1.0	1.0	3.0	3.0	2.0	2.0	2	-1552347456.0	6509782.0	-1552347456	194698413	2015-10-23 09:38:00	EXPEDIA.COM	FL	DEERFIELD BEACH	26.316433	-80.109227
0.0	0.8659	0.0	0.0	0.0	0.0	2.0	2.0	1.0	1.0	1.0	4.0	3.0	2.0	4.0	1	-1445525517.0	6312126.0	-1445525517	24801518	2015-11-27 00:06:00	EXPEDIA.COM	NV	LAS VEGAS	36.121975	-115.16696
0.0	349.3372	0.0	0.0	0.0	0.0	2.0	0.0	1.0	1.0	1.0	4.0	4.0	2.0	4.0	1	-1335141754.0	180853.0	-1335141754	5527578	2015-04-15 00:19:00	EXPEDIA.COM	CA	INGLEWOOD	33.945454999999995	-118.36009399999999
0.0	95.219	0.0	0.0	0.0	0.0	1.0	0.0	1.0	1.0	1.0	3.0	2.0	2.0	3.0	2	-1282989969.0	8731614.0	-1282989969	187774563	2015-09-04 09:41:00	EXPEDIA.COM	MA	BOSTON	42.35002	-71.070712
0.0	293.1518	0.0	0.0	1.0	0.0	3.0	0.0	1.0	1.0	0.0	4.0	3.0	2.0	4.0	2	-1191762476.0	112839.0	-1191762476	187843600	2015-02-23 13:41:00	EXPEDIA.COM	KY	LOUISVILLE	38.221425	-85.68279000000003
0.0	86.2808	0.0	0.0	0.0	0.0	1.0	0.0	1.0	1.0	1.0	4.0	0.0	2.0	4.0	2	-1162381103.0	27678876.0	-1162381103	18652358	2015-02-23 14:45:00	EXPEDIA.COM	SC	BISHOPVILLE	34.184909999999995	-80.26025
0.0	83.2377	0.0	0.0	0.0	1.0	2.0	4.0	1.0	1.0	1.0	4.0	1.0	2.0	4.0	1	-1102520533.0	553938.0	-1102520533	5527547	2015-08-30 00:31:00	EXPEDIA.COM	CA	GARDEN GROVE	33.785371999999995	-117.914994
0.0	336.6741	0.0	0.0	0.0	0.0	2.0	0.0	1.0	1.0	0.0	4.0	0.0	2.0	4.0	2	-1099094327.0	387406.0	-1099094327	5527578	2015-03-06 02:04:00	EXPEDIA.COM	CA	NORTH HOLLYWOOD	34.166205500000004	-118.386599
0.0	0.3477	0.0	0.0	0.0	1.0	2.0	0.0	1.0	1.0	1.0	4.0	2.0	2.0	4.0	1	-1011161405.0	159491713.0	-1011161405	5528043	2015-09-03 00:01:00	EXPEDIA.COM	ZH	ZURICH	47.37514	8.541496
0.0	168.7415	1.0	0.0	1.0	0.0	2.0	0.0	1.0	1.0	0.0	4.0	3.0	3.0	3.0	1	-611199850.0	20522340.0	-611199850	187804509	2015-06-08 17:51:00	EXPEDIA.CA	ON	KINGSTON	44.24657	-76.50402
0.0	0.2275	0.0	0.0	0.0	0.0	3.0	0.0	1.0	1.0	1.0	4.0	1.0	3.0	4.0	1	-1577650314.0	270970.0	-1577650314	5527578	2015-08-29 00:28:00	EXPEDIA.COM	CA	SAN FRANCISCO	37.7873335	-122.41347150000001
0.0	37.9787	0.0	0.0	1.0	0.0	1.0	0.0	1.0	1.0	1.0	4.0	3.0	3.0	4.0	1	-1546994185.0	93133423.0	-1546994185	234762	2015-02-13 00:26:00	EXPEDIA.COM	CA	OAKLEY	38.005868	-121.750841
0.0	29.733	1.0	0.0	0.0	0.0	2.0	0.0	1.0	1.0	1.0	5.0	2.0	3.0	4.0	1	144110071.0	139146134.0	144110071	24800929	2015-03-18 15:59:00	EXPEDIA.COM	TX	ROANOKE	33.00306	-97.23499100000001
0.0	0.2275	1.0	0.0	0.0	1.0	1.0	0.0	1.0	1.0	1.0	5.0	2.0	3.0	4.0	1	1716870379.0	20533531.0	1716870379	5527578	2015-04-09 19:03:00	EXPEDIA.COM	CA	SAN FRANCISCO	37.7873335	-122.41347150000001
0.0	10.1495	1.0	0.0	0.0	0.0	2.0	1.0	1.0	1.0	1.0	5.0	2.0	3.0	4.0	1	-1500178752.0	401697.0	-1500178752	99943	2015-06-16 16:55:00	EXPEDIA.COM	CA	LOS ANGELES	34.059768	-118.312427
0.0	0.6328	0.0	0.0	0.0	0.0	1.0	0.0	1.0	1.0	1.0	5.0	1.0	3.0	4.0	1	-1824719206.0	44856.0	-1824719206	5526679	2015-05-31 01:07:00	EXPEDIA.COM	NV	LAS VEGAS	36.121975	-115.16696
0.0	14.8549	1.0	0.0	0.0	0.0	2.0	2.0	1.0	1.0	1.0	4.0	0.0	3.0	4.0	1	-918219878.0	183240.0	-918219878	24801983	2015-08-22 00:29:00	EXPEDIA.COM	CA	GLENDALE	34.142779	-118.256176
0.0	0.8659	0.0	0.0	0.0	0.0	2.0	0.0	1.0	1.0	1.0	5.0	3.0	3.0	3.0	1	-5692717.0	68937582.0	-5692717	24801518	2015-08-08 16:50:00	EXPEDIA.COM	NV	LAS VEGAS	36.121975	-115.16696
0.0	0.2142	0.0	0.0	0.0	1.0	4.0	0.0	2.0	1.0	1.0	4.0	2.0	3.0	4.0	1	-242040409.0	72818.0	-242040409	188614849	2015-05-03 00:47:00	EXPEDIA.COM	FI	FLORENCE	43.774575	11.2527215
0.0	331.7457	0.0	1.0	0.0	0.0	1.0	0.0	1.0	0.0	1.0	3.0	2.0	4.0	3.0	1	-1723131300.0	16071515.0	-1723131300	187762039	2015-10-16 08:48:00	EXPEDIA.CA	QC	MONTREAL	45.506877	-73.56940999999999
0.0	176.9777	0.0	0.0	0.0	0.0	2.0	0.0	1.0	0.0	1.0	3.0	0.0	4.0	3.0	1	-1520082874.0	141206487.0	-1520082874	186725182	2015-08-17 16:10:00	EXPEDIA.CA	ON	KITCHENER	43.428999999999995	-80.4362
0.0	155.5809	0.0	0.0	0.0	0.0	2.0	0.0	1.0	1.0	1.0	0.0	4.0	4.0	2.0	1	-1463107732.0	26544307.0	-1463107732	5642371	2015-04-30 11:09:00	EXPEDIA.CA	SK	SASKATOON	52.131859999999996	-106.66929099999999
0.0	146.4328	0.0	0.0	0.0	0.0	2.0	0.0	1.0	1.0	1.0	0.0	2.0	4.0	2.0	1	-1423463848.0	63284515.0	-1423463848	190201894	2015-09-21 10:43:00	EXPEDIA.COM	MS	TUPELO	34.276219999999995	-88.715551
0.0	176.4665	0.0	0.0	1.0	0.0	2.0	0.0	1.0	1.0	0.0	4.0	1.0	4.0	0.0	1	-1355094281.0	3010533.0	-1355094281	18653350	2015-09-01 15:25:00	EXPEDIA.COM	MD	ROCKVILLE	39.10047	-77.182195
0.0	178.497	0.0	0.0	1.0	0.0	2.0	0.0	1.0	1.0	0.0	0.0	4.0	4.0	2.0	1	-1121899375.0	59852040.0	-1121899375	272954	2015-02-21 11:22:00	EXPEDIA.COM	MO	OZARK	37.022295	-93.230495
0.0	341.7037	1.0	0.0	0.0	0.0	2.0	0.0	1.0	0.0	1.0	4.0	1.0	4.0	2.0	1	-931518149.0	27858893.0	-931518149	5527857	2015-04-24 12:28:00	EXPEDIA.COM	NY	NEW YORK	40.75512	-73.98300900000002
0.0	1451.4472	0.0	0.0	0.0	0.0	2.0	0.0	1.0	0.0	1.0	5.0	0.0	4.0	4.0	1	-867535923.0	54099060.0	-867535923	5527919	2015-01-05 00:52:00	EXPEDIA.COM	TB	TBILISI	41.721503000000006	44.782808
0.0	182.5795	0.0	0.0	1.0	0.0	2.0	0.0	1.0	1.0	1.0	0.0	2.0	4.0	2.0	1	-712159268.0	88537952.0	-712159268	4842168	2015-09-30 14:12:00	EXPEDIA.COM	MA	BOSTON	42.35002	-71.070712
0.0	611.8585	0.0	0.0	1.0	0.0	1.0	0.0	1.0	0.0	0.0	2.0	4.0	4.0	2.0	1	-578623089.0	78191733.0	-578623089	18663859	2015-09-21 10:08:00	EXPEDIA.DE	NW	BAD OEYNHAUSEN	52.199981	8.797350000000002
