click_weekday	click_hour	ln_country_popularity	orig_destination_distance	is_mobile	is_package	days_to_booking	duration_of_stay	srch_adults_cnt	srch_children_cnt	srch_rm_cnt	same_country	prop_is_branded	prop_starrating	distance_band_n	hist_price_band_n	popularity_band_n	cnt
5.0	463.0	0.0	184.9337	0.0	0.0	7.0	1.0	9.0	2.0	4.0	1.0	0.0	4.0	2.0	0.0	4.0	1.0
1.0	603.0	0.0	331.1305	0.0	0.0	153.0	2.0	8.0	0.0	4.0	1.0	0.0	3.0	2.0	0.0	3.0	1.0
1.0	427.0	0.0	227.5021	0.0	0.0	13.0	4.0	2.0	0.0	1.0	1.0	1.0	3.0	2.0	0.0	3.0	3.0
3.0	129.0	0.0	383.6124	0.0	0.0	50.0	1.0	6.0	0.0	3.0	1.0	1.0	2.0	2.0	0.0	4.0	1.0
4.0	558.0	0.0	135.9707	0.0	0.0	1.0	1.0	2.0	0.0	1.0	1.0	0.0	2.0	2.0	0.0	4.0	2.0
6.0	554.0	0.0	154.4673	0.0	0.0	54.0	2.0	8.0	6.0	4.0	1.0	1.0	2.0	0.0	0.0	3.0	1.0
2.0	353.0	0.0	151.7356	0.0	0.0	11.0	1.0	6.0	0.0	2.0	1.0	1.0	3.0	4.0	0.0	4.0	1.0
3.0	395.0	0.0	119.7358	1.0	0.0	0.0	1.0	9.0	0.0	5.0	1.0	1.0	3.0	3.0	0.0	2.0	1.0
6.0	46.0	0.0	357.3061	1.0	0.0	0.0	1.0	2.0	0.0	1.0	1.0	1.0	2.0	3.0	0.0	3.0	1.0
2.0	246.0	0.0	381.7012	1.0	0.0	34.0	3.0	2.0	0.0	1.0	1.0	1.0	3.0	3.0	0.0	4.0	2.0
0.0	416.0	0.0	332.3189	0.0	0.0	5.0	2.0	6.0	2.0	2.0	1.0	0.0	2.0	2.0	0.0	4.0	2.0
6.0	44.0	0.0	305.3718	0.0	0.0	2.0	1.0	1.0	0.0	1.0	1.0	1.0	2.0	4.0	0.0	4.0	1.0
2.0	221.0	0.0	425.3047	0.0	0.0	2.0	1.0	4.0	1.0	1.0	1.0	1.0	2.0	2.0	0.0	2.0	3.0
3.0	390.0	0.0	128.2066	0.0	0.0	25.0	3.0	8.0	2.0	4.0	1.0	0.0	3.0	2.0	0.0	4.0	1.0
4.0	519.0	0.0	102.7011	0.0	0.0	41.0	1.0	5.0	0.0	4.0	1.0	1.0	3.0	3.0	0.0	4.0	1.0
0.0	222.0	0.0	220.0002	0.0	0.0	7.0	2.0	8.0	0.0	4.0	1.0	1.0	2.0	1.0	0.0	3.0	1.0
6.0	406.0	0.0	28.7404	0.0	0.0	61.0	1.0	8.0	5.0	4.0	1.0	1.0	2.0	3.0	0.0	4.0	1.0
1.0	398.0	0.0	236.9716	0.0	0.0	33.0	2.0	1.0	0.0	7.0	1.0	1.0	4.0	4.0	0.0	4.0	2.0
3.0	422.0	0.0	87.3609	0.0	0.0	44.0	1.0	8.0	0.0	2.0	1.0	1.0	3.0	4.0	0.0	4.0	1.0
4.0	347.0	0.0	180.3322	1.0	0.0	22.0	1.0	2.0	0.0	1.0	1.0	1.0	2.0	4.0	0.0	3.0	3.0
4.0	296.0	0.0	679.1434	0.0	0.0	195.0	3.0	8.0	0.0	4.0	1.0	1.0	2.0	2.0	0.0	4.0	1.0
3.0	324.0	0.0	210.5804	0.0	0.0	20.0	4.0	4.0	0.0	2.0	1.0	1.0	3.0	2.0	0.0	4.0	2.0
5.0	508.0	0.0	24.2081	0.0	0.0	0.0	1.0	8.0	0.0	4.0	1.0	1.0	2.0	1.0	0.0	4.0	1.0
6.0	493.0	0.0	125.9387	0.0	0.0	4.0	3.0	2.0	0.0	1.0	1.0	1.0	2.0	2.0	0.0	4.0	2.0
2.0	273.0	0.0	402.2889	0.0	0.0	57.0	2.0	1.0	6.0	6.0	1.0	1.0	3.0	3.0	0.0	4.0	1.0
5.0	532.0	0.0	200.2511	0.0	0.0	6.0	2.0	2.0	0.0	1.0	1.0	1.0	2.0	3.0	0.0	4.0	2.0
2.0	508.0	0.0	187.9389	0.0	0.0	9.0	3.0	2.0	0.0	1.0	1.0	1.0	2.0	2.0	0.0	3.0	2.0
2.0	485.0	0.0	27.292	1.0	0.0	23.0	2.0	8.0	0.0	4.0	1.0	1.0	2.0	1.0	0.0	4.0	1.0
6.0	362.0	0.0	24.2194	0.0	0.0	0.0	3.0	9.0	0.0	4.0	1.0	1.0	2.0	3.0	0.0	2.0	1.0
4.0	201.0	0.0	375.5566	0.0	0.0	0.0	7.0	2.0	0.0	1.0	1.0	1.0	2.0	2.0	0.0	2.0	3.0
0.0	511.0	0.0	205.4919	0.0	0.0	1.0	2.0	8.0	0.0	4.0	1.0	1.0	2.0	4.0	0.0	3.0	1.0
6.0	372.0	0.0	767.5916	0.0	0.0	11.0	1.0	4.0	0.0	2.0	1.0	1.0	3.0	2.0	0.0	3.0	3.0
2.0	514.0	0.0	208.6102	0.0	0.0	41.0	3.0	2.0	2.0	1.0	1.0	1.0	3.0	2.0	0.0	4.0	2.0
2.0	359.0	0.0	301.413	0.0	0.0	5.0	1.0	1.0	0.0	8.0	1.0	1.0	2.0	4.0	0.0	4.0	1.0
4.0	293.0	0.0	679.1434	0.0	0.0	160.0	3.0	8.0	0.0	4.0	1.0	1.0	2.0	2.0	0.0	4.0	1.0
0.0	450.0	0.0	202.2735	0.0	0.0	48.0	1.0	8.0	0.0	3.0	1.0	1.0	3.0	2.0	0.0	3.0	1.0
2.0	519.0	0.0	95.7139	1.0	0.0	2.0	1.0	5.0	1.0	3.0	1.0	1.0	2.0	4.0	0.0	3.0	1.0
3.0	341.0	0.0	224.6786	0.0	0.0	51.0	2.0	8.0	0.0	4.0	1.0	0.0	4.0	4.0	0.0	3.0	1.0
3.0	434.0	0.0	502.8124	0.0	0.0	22.0	2.0	1.0	2.0	6.0	1.0	1.0	2.0	4.0	0.0	4.0	3.0
4.0	269.0	0.0	84.4596	0.0	0.0	6.0	2.0	9.0	3.0	8.0	1.0	1.0	2.0	2.0	0.0	2.0	1.0
6.0	482.0	0.0	109.4052	1.0	0.0	0.0	1.0	2.0	0.0	1.0	1.0	1.0	2.0	2.0	0.0	4.0	2.0
6.0	1.0	0.0	341.9735	0.0	0.0	0.0	2.0	2.0	0.0	1.0	1.0	1.0	2.0	2.0	0.0	3.0	1.0
6.0	53.0	0.0	296.4677	1.0	0.0	0.0	2.0	2.0	0.0	1.0	1.0	0.0	4.0	3.0	0.0	4.0	1.0
4.0	291.0	0.0	679.1434	0.0	0.0	125.0	3.0	8.0	0.0	4.0	1.0	1.0	2.0	2.0	0.0	4.0	1.0
4.0	5.0	0.0	208.2349	1.0	0.0	0.0	1.0	9.0	0.0	2.0	1.0	1.0	2.0	2.0	0.0	4.0	1.0
6.0	481.0	0.0	153.8487	0.0	0.0	12.0	1.0	8.0	0.0	4.0	1.0	0.0	3.0	2.0	0.0	4.0	1.0
0.0	355.0	0.0	628.1228	1.0	1.0	164.0	5.0	4.0	0.0	3.0	1.0	1.0	2.0	3.0	0.0	4.0	1.0
3.0	478.0	0.0	312.8193	0.0	0.0	79.0	3.0	2.0	0.0	1.0	1.0	1.0	3.0	2.0	0.0	4.0	2.0
3.0	311.0	0.0	818.9509	0.0	0.0	203.0	4.0	2.0	2.0	1.0	1.0	1.0	3.0	4.0	0.0	4.0	2.0
3.0	520.0	0.0	1.0204	1.0	0.0	0.0	1.0	9.0	0.0	3.0	1.0	1.0	3.0	2.0	0.0	4.0	1.0
0.0	304.0	0.0	186.5001	0.0	0.0	0.0	5.0	8.0	0.0	4.0	1.0	0.0	2.0	2.0	0.0	4.0	1.0
2.0	59.0	0.0	212.8073	1.0	0.0	0.0	1.0	9.0	0.0	5.0	1.0	1.0	3.0	1.0	0.0	4.0	1.0
2.0	531.0	0.0	186.7673	0.0	0.0	2.0	3.0	2.0	0.0	1.0	1.0	1.0	3.0	2.0	0.0	4.0	2.0
4.0	349.0	0.0	170.4633	0.0	0.0	30.0	3.0	8.0	0.0	3.0	1.0	1.0	3.0	3.0	0.0	4.0	1.0
1.0	527.0	0.0	210.1563	1.0	0.0	0.0	1.0	2.0	0.0	1.0	1.0	1.0	2.0	4.0	0.0	4.0	2.0
3.0	482.0	0.0	502.8124	0.0	0.0	22.0	2.0	7.0	2.0	7.0	1.0	1.0	2.0	4.0	0.0	4.0	1.0
6.0	370.0	0.0	118.3288	0.0	0.0	5.0	2.0	7.0	3.0	2.0	1.0	1.0	3.0	4.0	0.0	4.0	1.0
0.0	526.0	0.0	286.932	1.0	0.0	90.0	2.0	2.0	0.0	1.0	1.0	1.0	3.0	0.0	0.0	3.0	3.0
0.0	42.0	0.0	691.0685	0.0	0.0	67.0	4.0	4.0	0.0	2.0	1.0	0.0	3.0	2.0	0.0	4.0	2.0
5.0	19.0	0.0	258.1731	0.0	0.0	3.0	1.0	4.0	0.0	2.0	1.0	1.0	3.0	2.0	0.0	4.0	1.0
3.0	399.0	0.0	347.8341	1.0	0.0	43.0	2.0	2.0	2.0	1.0	1.0	1.0	3.0	2.0	0.0	4.0	3.0
4.0	368.0	0.0	190.7879	0.0	0.0	3.0	3.0	4.0	0.0	2.0	1.0	0.0	4.0	1.0	0.0	3.0	2.0
5.0	491.0	0.0	250.6367	1.0	0.0	61.0	2.0	2.0	0.0	1.0	1.0	0.0	3.0	4.0	0.0	4.0	3.0
6.0	416.0	0.0	206.4726	0.0	0.0	6.0	1.0	7.0	0.0	4.0	1.0	1.0	2.0	2.0	0.0	4.0	1.0
2.0	198.0	0.0	425.3047	0.0	0.0	4.0	1.0	4.0	1.0	1.0	1.0	1.0	2.0	2.0	0.0	2.0	3.0
5.0	33.0	0.0	227.5021	1.0	0.0	0.0	1.0	2.0	0.0	1.0	1.0	1.0	4.0	2.0	0.0	4.0	1.0
1.0	372.0	0.0	180.755	0.0	0.0	1.0	5.0	8.0	0.0	4.0	1.0	1.0	2.0	2.0	0.0	4.0	1.0
4.0	310.0	0.0	479.7655	0.0	0.0	91.0	2.0	8.0	0.0	4.0	1.0	1.0	3.0	2.0	0.0	1.0	1.0
6.0	552.0	0.0	226.8043	0.0	0.0	19.0	2.0	2.0	2.0	1.0	1.0	1.0	3.0	2.0	0.0	4.0	2.0
2.0	430.0	0.0	276.6905	0.0	0.0	58.0	2.0	7.0	6.0	6.0	0.0	0.0	3.0	3.0	0.0	4.0	1.0
0.0	317.0	0.0	883.6332	0.0	0.0	183.0	1.0	2.0	2.0	1.0	1.0	0.0	3.0	2.0	0.0	4.0	2.0
6.0	226.0	0.0	345.9443	1.0	0.0	75.0	1.0	4.0	0.0	2.0	1.0	1.0	2.0	4.0	0.0	4.0	2.0
3.0	504.0	0.0	176.32	0.0	0.0	15.0	2.0	8.0	0.0	4.0	1.0	1.0	2.0	1.0	0.0	4.0	1.0
1.0	363.0	0.0	185.6986	0.0	0.0	24.0	2.0	8.0	3.0	5.0	1.0	0.0	2.0	2.0	0.0	3.0	1.0
3.0	437.0	0.0	636.8873	0.0	1.0	183.0	7.0	2.0	0.0	1.0	0.0	1.0	4.0	2.0	0.0	4.0	2.0
0.0	504.0	0.0	1285.4987	0.0	0.0	38.0	1.0	1.0	0.0	1.0	1.0	1.0	2.0	4.0	0.0	4.0	4.0
2.0	271.0	0.0	133.3815	0.0	0.0	31.0	2.0	9.0	4.0	4.0	1.0	1.0	2.0	1.0	0.0	4.0	1.0
1.0	480.0	0.0	183.5207	1.0	0.0	0.0	1.0	2.0	0.0	1.0	1.0	1.0	2.0	1.0	0.0	4.0	2.0
3.0	234.0	0.0	568.0904	0.0	0.0	163.0	3.0	6.0	0.0	3.0	1.0	1.0	4.0	2.0	0.0	4.0	1.0
4.0	449.0	0.0	234.8171	1.0	0.0	0.0	1.0	2.0	0.0	1.0	1.0	1.0	3.0	2.0	0.0	4.0	2.0
6.0	5.0	0.0	352.7287	0.0	0.0	5.0	2.0	2.0	0.0	1.0	1.0	1.0	2.0	2.0	0.0	4.0	1.0
4.0	521.0	0.0	220.3684	0.0	0.0	1.0	1.0	2.0	0.0	1.0	1.0	1.0	3.0	3.0	0.0	4.0	2.0
3.0	219.0	0.0	456.3571	0.0	0.0	10.0	6.0	2.0	0.0	1.0	1.0	1.0	2.0	2.0	0.0	3.0	3.0
1.0	572.0	0.0	11.0302	1.0	0.0	3.0	1.0	2.0	0.0	1.0	1.0	0.0	3.0	2.0	0.0	4.0	4.0
2.0	474.0	0.0	122.5827	1.0	0.0	3.0	1.0	1.0	0.0	1.0	1.0	1.0	3.0	2.0	0.0	3.0	3.0
3.0	222.0	0.0	1258.7987	0.0	0.0	3.0	2.0	2.0	0.0	1.0	0.0	1.0	2.0	4.0	0.0	4.0	3.0
6.0	275.0	0.0	325.9445	0.0	0.0	79.0	1.0	6.0	0.0	3.0	1.0	1.0	3.0	1.0	0.0	4.0	1.0
0.0	234.0	0.0	231.4193	0.0	0.0	0.0	1.0	5.0	0.0	5.0	1.0	1.0	4.0	3.0	0.0	4.0	1.0
3.0	342.0	0.0	331.3839	0.0	0.0	36.0	2.0	2.0	0.0	1.0	1.0	1.0	2.0	2.0	0.0	3.0	3.0
5.0	481.0	0.0	24.2081	0.0	0.0	0.0	1.0	2.0	0.0	1.0	1.0	1.0	2.0	1.0	0.0	4.0	4.0
1.0	297.0	0.0	375.9197	0.0	0.0	27.0	1.0	6.0	0.0	3.0	1.0	0.0	2.0	3.0	0.0	2.0	2.0
1.0	271.0	0.0	728.1906	0.0	0.0	155.0	1.0	6.0	4.0	3.0	1.0	1.0	2.0	2.0	0.0	4.0	1.0
5.0	23.0	0.0	223.3154	1.0	0.0	0.0	1.0	2.0	0.0	1.0	1.0	1.0	4.0	3.0	0.0	3.0	1.0
3.0	528.0	0.0	89.0173	1.0	0.0	1.0	3.0	2.0	1.0	1.0	1.0	1.0	4.0	2.0	0.0	4.0	2.0
5.0	433.0	0.0	101.0151	1.0	0.0	23.0	1.0	7.0	5.0	3.0	1.0	1.0	3.0	2.0	0.0	4.0	1.0
2.0	182.0	0.0	448.1968	0.0	0.0	113.0	4.0	6.0	0.0	2.0	1.0	1.0	3.0	4.0	0.0	4.0	1.0
2.0	571.0	0.0	124.755	1.0	0.0	0.0	1.0	2.0	0.0	1.0	1.0	0.0	2.0	1.0	0.0	4.0	2.0
4.0	495.0	0.0	5.5443	0.0	0.0	42.0	2.0	7.0	6.0	4.0	1.0	1.0	3.0	2.0	0.0	3.0	1.0
5.0	561.0	0.0	173.905	0.0	0.0	10.0	1.0	2.0	0.0	1.0	1.0	1.0	2.0	2.0	0.0	3.0	2.0
6.0	443.0	0.0	151.7469	0.0	0.0	11.0	2.0	4.0	2.0	2.0	1.0	1.0	3.0	2.0	0.0	2.0	2.0
6.0	539.0	0.0	38.872	1.0	0.0	6.0	1.0	4.0	3.0	2.0	1.0	1.0	3.0	3.0	1.0	3.0	1.0
3.0	597.0	0.0	0.6328	0.0	0.0	1.0	1.0	1.0	0.0	1.0	1.0	1.0	3.0	2.0	1.0	4.0	1.0
6.0	50.0	0.0	21.4782	1.0	0.0	1.0	4.0	2.0	0.0	1.0	1.0	1.0	3.0	4.0	1.0	4.0	1.0
0.0	569.0	0.0	4.952	1.0	0.0	4.0	2.0	2.0	0.0	1.0	1.0	1.0	4.0	4.0	1.0	4.0	1.0
3.0	366.0	0.0	224.6528	1.0	0.0	0.0	1.0	2.0	0.0	1.0	1.0	1.0	4.0	2.0	1.0	3.0	2.0
3.0	464.0	0.0	482.6123	0.0	0.0	13.0	1.0	2.0	2.0	1.0	1.0	1.0	3.0	2.0	1.0	3.0	2.0
6.0	409.0	0.0	2.3973	0.0	0.0	2.0	3.0	2.0	0.0	1.0	1.0	1.0	3.0	1.0	1.0	2.0	2.0
5.0	384.0	0.0	9.6243	1.0	0.0	0.0	1.0	2.0	0.0	1.0	1.0	1.0	3.0	1.0	1.0	3.0	2.0
3.0	563.0	0.0	81.4167	1.0	0.0	1.0	1.0	3.0	0.0	1.0	1.0	1.0	3.0	3.0	1.0	3.0	1.0
5.0	401.0	0.0	1.0809	0.0	0.0	0.0	1.0	2.0	1.0	1.0	1.0	1.0	4.0	2.0	1.0	3.0	2.0
0.0	442.0	0.0	382.0907	0.0	0.0	0.0	3.0	1.0	0.0	1.0	1.0	1.0	3.0	1.0	1.0	4.0	2.0
1.0	513.0	0.0	207.3104	0.0	0.0	36.0	2.0	2.0	0.0	1.0	1.0	1.0	4.0	2.0	1.0	4.0	2.0
6.0	13.0	0.0	876.2876	1.0	0.0	13.0	2.0	2.0	0.0	1.0	1.0	0.0	4.0	4.0	1.0	4.0	1.0
3.0	485.0	0.0	354.2298	0.0	0.0	21.0	1.0	2.0	2.0	1.0	1.0	1.0	3.0	1.0	1.0	4.0	2.0
1.0	385.0	0.0	227.5021	1.0	0.0	10.0	2.0	2.0	0.0	1.0	1.0	1.0	3.0	2.0	1.0	4.0	2.0
4.0	437.0	0.0	367.3023	1.0	0.0	6.0	1.0	2.0	0.0	1.0	1.0	1.0	3.0	2.0	1.0	3.0	2.0
3.0	31.0	0.0	91.8948	1.0	0.0	1.0	1.0	4.0	0.0	2.0	1.0	1.0	4.0	3.0	1.0	4.0	1.0
3.0	520.0	0.0	68.8221	0.0	0.0	4.0	1.0	2.0	0.0	1.0	1.0	1.0	4.0	0.0	1.0	4.0	2.0
5.0	604.0	0.0	164.7566	0.0	0.0	8.0	2.0	4.0	1.0	2.0	1.0	1.0	4.0	4.0	1.0	4.0	1.0
6.0	412.0	0.0	218.605	0.0	0.0	5.0	2.0	2.0	0.0	1.0	1.0	1.0	3.0	1.0	1.0	4.0	2.0
5.0	584.0	0.0	1.5173	1.0	0.0	4.0	1.0	2.0	0.0	1.0	1.0	1.0	4.0	3.0	1.0	4.0	1.0
5.0	67.0	0.0	690.2911	0.0	0.0	11.0	1.0	2.0	0.0	1.0	1.0	1.0	4.0	2.0	1.0	4.0	2.0
3.0	541.0	0.0	268.0538	0.0	0.0	3.0	4.0	1.0	0.0	1.0	1.0	1.0	3.0	2.0	1.0	3.0	2.0
6.0	473.0	0.0	347.8431	0.0	0.0	1.0	3.0	2.0	0.0	1.0	1.0	1.0	3.0	1.0	1.0	3.0	2.0
6.0	545.0	0.0	5.5487	0.0	0.0	2.0	2.0	3.0	0.0	1.0	1.0	1.0	4.0	4.0	1.0	4.0	1.0
4.0	515.0	0.0	49.2832	0.0	0.0	1.0	1.0	4.0	2.0	2.0	1.0	1.0	3.0	4.0	1.0	4.0	1.0
1.0	436.0	0.0	95.7548	1.0	0.0	3.0	2.0	2.0	0.0	1.0	1.0	1.0	3.0	3.0	1.0	3.0	2.0
4.0	394.0	0.0	320.9721	1.0	0.0	14.0	1.0	2.0	0.0	1.0	1.0	1.0	3.0	4.0	1.0	3.0	2.0
0.0	587.0	0.0	39.0455	0.0	0.0	1.0	1.0	4.0	0.0	2.0	1.0	1.0	3.0	2.0	1.0	2.0	1.0
1.0	400.0	0.0	109.4693	1.0	0.0	2.0	1.0	2.0	0.0	1.0	1.0	0.0	3.0	1.0	1.0	4.0	2.0
4.0	360.0	0.0	27.2074	0.0	0.0	10.0	1.0	2.0	2.0	1.0	1.0	1.0	4.0	4.0	1.0	4.0	2.0
2.0	573.0	0.0	134.0139	1.0	0.0	3.0	1.0	2.0	0.0	1.0	1.0	1.0	2.0	4.0	1.0	4.0	1.0
6.0	597.0	0.0	91.2508	0.0	0.0	1.0	1.0	1.0	0.0	1.0	1.0	1.0	2.0	4.0	1.0	4.0	1.0
0.0	400.0	0.0	16.9209	0.0	0.0	0.0	1.0	2.0	0.0	1.0	1.0	0.0	3.0	2.0	1.0	3.0	2.0
2.0	484.0	0.0	101.7243	1.0	0.0	0.0	1.0	2.0	0.0	1.0	1.0	1.0	3.0	0.0	1.0	3.0	2.0
1.0	441.0	0.0	245.3002	0.0	0.0	4.0	1.0	2.0	0.0	1.0	1.0	1.0	2.0	2.0	1.0	4.0	2.0
6.0	19.0	0.0	337.9521	1.0	0.0	0.0	1.0	2.0	0.0	1.0	1.0	1.0	2.0	3.0	1.0	3.0	1.0
4.0	18.0	0.0	149.0943	1.0	0.0	0.0	1.0	2.0	2.0	1.0	1.0	1.0	3.0	2.0	1.0	4.0	1.0
0.0	512.0	0.0	508.2962	0.0	0.0	25.0	3.0	2.0	2.0	1.0	1.0	0.0	3.0	4.0	1.0	3.0	2.0
3.0	584.0	0.0	193.9153	1.0	0.0	1.0	2.0	9.0	0.0	3.0	1.0	1.0	3.0	1.0	1.0	3.0	1.0
3.0	256.0	0.0	0.2275	1.0	0.0	0.0	4.0	2.0	2.0	1.0	1.0	1.0	4.0	2.0	1.0	4.0	2.0
6.0	31.0	0.0	54.2949	1.0	0.0	0.0	1.0	2.0	0.0	1.0	1.0	0.0	2.0	3.0	1.0	4.0	1.0
2.0	597.0	0.0	7.6604	1.0	0.0	1.0	1.0	2.0	0.0	1.0	1.0	1.0	3.0	3.0	1.0	2.0	1.0
2.0	477.0	0.0	16.7099	0.0	0.0	92.0	-89.0	4.0	0.0	2.0	1.0	1.0	3.0	2.0	1.0	4.0	1.0
3.0	379.0	0.0	101.8921	0.0	0.0	2.0	1.0	2.0	0.0	1.0	1.0	1.0	3.0	2.0	1.0	4.0	2.0
3.0	418.0	0.0	191.0445	0.0	0.0	0.0	1.0	1.0	0.0	1.0	1.0	1.0	3.0	2.0	1.0	4.0	2.0
6.0	461.0	0.0	288.896	0.0	0.0	5.0	1.0	2.0	0.0	1.0	1.0	1.0	3.0	2.0	1.0	4.0	2.0
1.0	560.0	0.0	215.576	1.0	0.0	1.0	1.0	2.0	0.0	1.0	1.0	1.0	4.0	4.0	1.0	4.0	1.0
5.0	465.0	0.0	211.6503	0.0	0.0	24.0	4.0	2.0	0.0	1.0	1.0	1.0	3.0	2.0	1.0	3.0	2.0
3.0	481.0	0.0	81.7487	1.0	0.0	9.0	1.0	2.0	2.0	1.0	1.0	1.0	4.0	1.0	1.0	4.0	2.0
2.0	591.0	0.0	192.9529	1.0	0.0	14.0	1.0	8.0	0.0	4.0	1.0	0.0	3.0	2.0	1.0	4.0	1.0
3.0	554.0	0.0	228.3906	0.0	0.0	11.0	2.0	7.0	9.0	7.0	1.0	0.0	4.0	4.0	1.0	3.0	1.0
4.0	27.0	0.0	161.047	0.0	0.0	9.0	1.0	6.0	3.0	3.0	1.0	0.0	4.0	4.0	1.0	3.0	1.0
6.0	77.0	0.0	187.433	0.0	0.0	0.0	2.0	4.0	0.0	2.0	1.0	1.0	2.0	4.0	1.0	4.0	1.0
3.0	532.0	0.0	19.1345	1.0	0.0	2.0	1.0	4.0	0.0	2.0	1.0	1.0	3.0	2.0	1.0	4.0	1.0
6.0	38.0	0.0	173.2216	0.0	0.0	4.0	1.0	4.0	3.0	2.0	1.0	1.0	3.0	3.0	1.0	4.0	1.0
5.0	572.0	0.0	97.4835	0.0	0.0	4.0	1.0	7.0	3.0	3.0	1.0	1.0	4.0	0.0	1.0	4.0	1.0
5.0	388.0	0.0	367.3023	1.0	0.0	1.0	1.0	2.0	1.0	1.0	1.0	1.0	3.0	2.0	1.0	4.0	2.0
6.0	9.0	0.0	424.1656	0.0	0.0	5.0	1.0	4.0	0.0	2.0	1.0	1.0	3.0	3.0	1.0	2.0	1.0
0.0	587.0	0.0	118.9596	0.0	0.0	4.0	1.0	2.0	0.0	1.0	1.0	1.0	2.0	4.0	1.0	4.0	1.0
0.0	450.0	0.0	356.8717	1.0	0.0	0.0	1.0	2.0	0.0	1.0	1.0	1.0	2.0	2.0	1.0	4.0	2.0
6.0	596.0	0.0	0.3212	0.0	0.0	1.0	1.0	1.0	0.0	1.0	1.0	1.0	3.0	2.0	1.0	4.0	1.0
3.0	0.0	0.0	395.2579	0.0	0.0	0.0	3.0	3.0	0.0	2.0	1.0	1.0	4.0	2.0	1.0	4.0	1.0
1.0	539.0	0.0	318.0629	0.0	0.0	17.0	2.0	2.0	0.0	1.0	1.0	0.0	4.0	1.0	1.0	2.0	2.0
2.0	561.0	0.0	112.5606	1.0	0.0	4.0	1.0	6.0	4.0	2.0	1.0	1.0	4.0	2.0	1.0	4.0	1.0
2.0	495.0	0.0	310.2779	0.0	0.0	20.0	2.0	2.0	0.0	1.0	1.0	1.0	3.0	1.0	1.0	4.0	2.0
4.0	512.0	0.0	159.7869	0.0	0.0	3.0	1.0	2.0	0.0	1.0	1.0	1.0	3.0	1.0	1.0	4.0	2.0
1.0	588.0	0.0	3.2862	1.0	0.0	0.0	1.0	2.0	0.0	1.0	1.0	1.0	4.0	2.0	1.0	4.0	1.0
1.0	387.0	0.0	235.1405	1.0	0.0	17.0	2.0	2.0	0.0	1.0	1.0	1.0	3.0	2.0	1.0	4.0	2.0
1.0	566.0	0.0	723.0521	0.0	0.0	3.0	2.0	3.0	0.0	8.0	1.0	0.0	3.0	2.0	1.0	4.0	1.0
5.0	598.0	0.0	27.4148	0.0	0.0	1.0	2.0	2.0	0.0	1.0	1.0	1.0	3.0	2.0	1.0	4.0	1.0
4.0	528.0	0.0	169.1638	1.0	0.0	7.0	2.0	6.0	0.0	3.0	1.0	1.0	3.0	3.0	1.0	3.0	1.0
4.0	534.0	0.0	290.0213	1.0	0.0	1.0	1.0	2.0	0.0	1.0	1.0	1.0	3.0	2.0	1.0	2.0	2.0
0.0	567.0	0.0	23.3129	1.0	0.0	1.0	2.0	2.0	2.0	1.0	1.0	1.0	3.0	4.0	1.0	4.0	1.0
0.0	584.0	0.0	2.6961	1.0	0.0	0.0	1.0	1.0	1.0	1.0	1.0	1.0	2.0	4.0	1.0	2.0	1.0
6.0	39.0	0.0	239.6047	0.0	0.0	1.0	1.0	3.0	0.0	1.0	1.0	1.0	2.0	4.0	1.0	3.0	1.0
1.0	569.0	0.0	223.2752	1.0	0.0	17.0	2.0	6.0	1.0	3.0	1.0	1.0	3.0	3.0	1.0	2.0	1.0
1.0	586.0	0.0	109.9907	0.0	0.0	3.0	1.0	2.0	0.0	1.0	1.0	1.0	4.0	4.0	1.0	4.0	1.0
0.0	570.0	0.0	10.7686	0.0	0.0	4.0	2.0	4.0	0.0	2.0	1.0	1.0	2.0	4.0	1.0	2.0	1.0
4.0	600.0	0.0	1.7718	0.0	0.0	1.0	1.0	2.0	0.0	1.0	1.0	1.0	3.0	2.0	1.0	4.0	1.0
4.0	369.0	0.0	817.3722	0.0	0.0	35.0	2.0	2.0	5.0	1.0	0.0	1.0	3.0	3.0	1.0	3.0	3.0
5.0	538.0	0.0	303.5714	0.0	0.0	17.0	1.0	2.0	2.0	1.0	1.0	1.0	3.0	4.0	1.0	2.0	2.0
0.0	606.0	0.0	77.0404	1.0	0.0	3.0	1.0	6.0	0.0	3.0	1.0	1.0	2.0	0.0	1.0	4.0	1.0
0.0	482.0	0.0	120.7444	1.0	0.0	0.0	1.0	2.0	0.0	1.0	0.0	1.0	4.0	1.0	1.0	4.0	2.0
5.0	553.0	0.0	4.6143	1.0	0.0	2.0	1.0	2.0	0.0	1.0	1.0	1.0	3.0	3.0	1.0	4.0	1.0
0.0	611.0	0.0	1.7718	1.0	0.0	1.0	2.0	2.0	0.0	1.0	1.0	1.0	3.0	2.0	1.0	4.0	1.0
3.0	587.0	0.0	0.1122	1.0	0.0	0.0	1.0	2.0	2.0	1.0	1.0	1.0	4.0	2.0	1.0	4.0	1.0
1.0	450.0	0.0	301.719	0.0	0.0	3.0	1.0	2.0	2.0	1.0	1.0	1.0	2.0	2.0	1.0	2.0	2.0
3.0	579.0	0.0	131.0754	0.0	0.0	9.0	1.0	6.0	1.0	3.0	1.0	1.0	3.0	1.0	1.0	3.0	1.0
3.0	515.0	0.0	43.0568	0.0	0.0	2.0	1.0	4.0	0.0	2.0	1.0	1.0	5.0	2.0	1.0	4.0	1.0
6.0	488.0	0.0	202.1833	0.0	0.0	3.0	1.0	2.0	0.0	1.0	1.0	1.0	4.0	1.0	1.0	4.0	2.0
1.0	512.0	0.0	436.7471	1.0	0.0	3.0	2.0	1.0	0.0	1.0	1.0	1.0	3.0	3.0	1.0	3.0	2.0
0.0	481.0	0.0	302.0228	0.0	0.0	8.0	1.0	2.0	2.0	1.0	1.0	1.0	2.0	3.0	1.0	2.0	2.0
6.0	561.0	0.0	18.2023	0.0	0.0	4.0	1.0	1.0	0.0	1.0	1.0	1.0	3.0	4.0	1.0	4.0	1.0
6.0	476.0	0.0	230.4506	0.0	0.0	5.0	2.0	1.0	1.0	1.0	1.0	1.0	3.0	2.0	1.0	2.0	2.0
0.0	563.0	0.0	24.7978	1.0	0.0	1.0	3.0	2.0	0.0	2.0	1.0	1.0	3.0	2.0	1.0	4.0	1.0
0.0	323.0	0.0	3.535	0.0	0.0	16.0	1.0	2.0	0.0	1.0	1.0	1.0	4.0	3.0	1.0	4.0	2.0
5.0	374.0	0.0	7.5956	0.0	0.0	1.0	3.0	2.0	0.0	1.0	1.0	1.0	4.0	2.0	1.0	3.0	2.0
0.0	476.0	0.0	130.3322	0.0	0.0	1.0	1.0	1.0	0.0	1.0	1.0	1.0	3.0	3.0	1.0	4.0	2.0
2.0	541.0	0.0	582.2185	0.0	0.0	12.0	4.0	2.0	0.0	1.0	1.0	1.0	4.0	3.0	1.0	4.0	2.0
3.0	228.0	0.0	465.4182	0.0	0.0	3.0	1.0	4.0	0.0	2.0	1.0	0.0	4.0	1.0	2.0	4.0	2.0
4.0	254.0	0.0	170.1662	0.0	0.0	23.0	7.0	1.0	0.0	1.0	1.0	1.0	3.0	3.0	2.0	2.0	2.0
4.0	6.0	0.0	0.8659	0.0	0.0	0.0	1.0	2.0	2.0	1.0	1.0	1.0	4.0	3.0	2.0	4.0	1.0
2.0	19.0	0.0	349.3372	0.0	0.0	2.0	2.0	2.0	0.0	1.0	1.0	1.0	4.0	4.0	2.0	4.0	1.0
4.0	257.0	0.0	95.219	0.0	0.0	4.0	1.0	1.0	0.0	1.0	1.0	1.0	3.0	2.0	2.0	3.0	2.0
0.0	353.0	0.0	293.1518	0.0	0.0	46.0	1.0	3.0	0.0	1.0	1.0	0.0	4.0	3.0	2.0	4.0	2.0
0.0	381.0	0.0	86.2808	0.0	0.0	18.0	4.0	1.0	0.0	1.0	1.0	1.0	4.0	0.0	2.0	4.0	2.0
6.0	31.0	0.0	83.2377	0.0	0.0	0.0	1.0	2.0	4.0	1.0	1.0	1.0	4.0	1.0	2.0	4.0	1.0
4.0	52.0	0.0	336.6741	0.0	0.0	3.0	2.0	2.0	0.0	1.0	1.0	0.0	4.0	0.0	2.0	4.0	2.0
3.0	1.0	0.0	0.3477	0.0	0.0	2.0	2.0	2.0	0.0	1.0	1.0	1.0	4.0	2.0	2.0	4.0	1.0
5.0	34.0	0.0	189.8505	1.0	0.0	0.0	1.0	2.0	0.0	1.0	1.0	1.0	4.0	2.0	2.0	4.0	1.0
6.0	15.0	0.0	69.658	1.0	0.0	3.0	1.0	2.0	0.0	1.0	1.0	1.0	3.0	3.0	2.0	4.0	1.0
4.0	321.0	0.0	24.7978	0.0	0.0	10.0	4.0	1.0	0.0	1.0	1.0	1.0	4.0	1.0	2.0	3.0	2.0
0.0	203.0	0.0	107.033	0.0	0.0	0.0	1.0	2.0	0.0	1.0	1.0	1.0	3.0	2.0	2.0	3.0	2.0
1.0	368.0	0.0	237.5582	0.0	0.0	21.0	1.0	1.0	0.0	1.0	1.0	1.0	4.0	2.0	2.0	4.0	2.0
0.0	178.0	0.0	101.0383	0.0	0.0	0.0	4.0	2.0	0.0	1.0	1.0	1.0	3.0	2.0	2.0	3.0	2.0
1.0	314.0	0.0	0.3212	0.0	0.0	3.0	1.0	2.0	0.0	1.0	1.0	1.0	4.0	2.0	2.0	3.0	2.0
3.0	273.0	0.0	207.3104	1.0	0.0	0.0	1.0	2.0	0.0	1.0	1.0	1.0	4.0	2.0	2.0	4.0	2.0
5.0	272.0	0.0	274.6968	0.0	0.0	42.0	1.0	2.0	0.0	1.0	1.0	1.0	4.0	2.0	2.0	3.0	2.0
3.0	342.0	0.0	218.4877	1.0	0.0	21.0	3.0	2.0	0.0	1.0	1.0	1.0	4.0	1.0	2.0	3.0	2.0
4.0	300.0	0.0	167.7012	0.0	0.0	21.0	2.0	2.0	2.0	1.0	1.0	1.0	3.0	3.0	2.0	4.0	2.0
1.0	203.0	0.0	44.9642	1.0	0.0	3.0	1.0	2.0	0.0	1.0	1.0	1.0	4.0	1.0	2.0	4.0	2.0
4.0	177.0	0.0	232.5306	1.0	0.0	1.0	2.0	1.0	0.0	1.0	1.0	1.0	4.0	2.0	2.0	4.0	2.0
4.0	3.0	0.0	23.7045	1.0	0.0	2.0	1.0	2.0	0.0	1.0	1.0	1.0	2.0	4.0	2.0	4.0	1.0
0.0	448.0	0.0	6.1822	0.0	0.0	6.0	5.0	1.0	0.0	1.0	1.0	1.0	4.0	3.0	2.0	2.0	2.0
5.0	29.0	0.0	18.0778	1.0	0.0	0.0	1.0	1.0	0.0	1.0	1.0	1.0	3.0	4.0	2.0	3.0	1.0
3.0	39.0	0.0	65.8339	1.0	0.0	0.0	1.0	2.0	0.0	1.0	1.0	1.0	4.0	2.0	2.0	4.0	1.0
2.0	168.0	0.0	17.1747	0.0	0.0	12.0	1.0	2.0	0.0	1.0	1.0	1.0	3.0	2.0	2.0	4.0	2.0
0.0	339.0	0.0	206.6687	0.0	0.0	3.0	3.0	2.0	0.0	1.0	1.0	0.0	4.0	1.0	2.0	4.0	2.0
4.0	218.0	0.0	105.7496	0.0	0.0	4.0	1.0	2.0	0.0	1.0	1.0	1.0	3.0	1.0	2.0	4.0	2.0
2.0	32.0	0.0	222.1901	1.0	0.0	2.0	1.0	2.0	0.0	1.0	1.0	1.0	4.0	2.0	2.0	4.0	1.0
5.0	79.0	0.0	48.5585	1.0	0.0	1.0	1.0	2.0	0.0	1.0	1.0	1.0	2.0	3.0	2.0	3.0	2.0
3.0	246.0	0.0	165.0718	0.0	0.0	30.0	1.0	2.0	0.0	1.0	1.0	1.0	5.0	1.0	2.0	3.0	2.0
4.0	200.0	0.0	59.1784	0.0	0.0	1.0	1.0	2.0	0.0	1.0	1.0	1.0	3.0	1.0	2.0	4.0	2.0
4.0	200.0	0.0	351.7856	0.0	0.0	8.0	1.0	2.0	2.0	1.0	1.0	1.0	4.0	4.0	2.0	4.0	2.0
1.0	119.0	0.0	201.6216	0.0	0.0	1.0	1.0	2.0	0.0	1.0	1.0	0.0	4.0	1.0	2.0	4.0	2.0
5.0	281.0	0.0	37.4248	0.0	0.0	15.0	1.0	2.0	0.0	1.0	1.0	1.0	4.0	2.0	2.0	4.0	2.0
0.0	145.0	0.0	188.6482	0.0	0.0	2.0	2.0	2.0	3.0	1.0	1.0	0.0	3.0	2.0	2.0	3.0	2.0
4.0	197.0	0.0	218.9485	0.0	0.0	3.0	8.0	3.0	0.0	1.0	1.0	1.0	4.0	2.0	2.0	3.0	2.0
5.0	32.0	0.0	185.06	0.0	0.0	0.0	1.0	2.0	3.0	1.0	1.0	1.0	4.0	3.0	2.0	3.0	1.0
1.0	46.0	0.0	309.8199	0.0	0.0	0.0	2.0	2.0	0.0	1.0	1.0	1.0	3.0	3.0	2.0	4.0	2.0
5.0	215.0	0.0	336.7131	1.0	0.0	0.0	1.0	2.0	0.0	1.0	1.0	1.0	3.0	4.0	2.0	2.0	2.0
2.0	317.0	0.0	87.826	0.0	0.0	0.0	1.0	2.0	0.0	1.0	0.0	0.0	5.0	3.0	2.0	3.0	2.0
3.0	63.0	0.0	0.1951	1.0	0.0	2.0	1.0	3.0	3.0	2.0	1.0	1.0	4.0	2.0	2.0	4.0	1.0
2.0	385.0	0.0	234.7765	1.0	0.0	51.0	2.0	2.0	0.0	1.0	1.0	0.0	4.0	1.0	2.0	4.0	2.0
5.0	244.0	0.0	204.0979	0.0	0.0	55.0	2.0	2.0	0.0	1.0	1.0	1.0	4.0	2.0	2.0	4.0	2.0
2.0	312.0	0.0	318.2807	0.0	0.0	23.0	1.0	2.0	0.0	1.0	1.0	1.0	3.0	2.0	2.0	4.0	2.0
5.0	8.0	0.0	1.3127	1.0	0.0	0.0	2.0	2.0	0.0	1.0	1.0	1.0	3.0	1.0	2.0	4.0	1.0
6.0	8.0	0.0	2.6457	1.0	0.0	12.0	2.0	2.0	0.0	1.0	1.0	1.0	4.0	4.0	2.0	3.0	1.0
1.0	220.0	0.0	171.2326	0.0	0.0	2.0	2.0	2.0	0.0	1.0	1.0	1.0	4.0	3.0	2.0	2.0	2.0
4.0	141.0	0.0	185.5308	0.0	0.0	29.0	1.0	2.0	0.0	1.0	1.0	1.0	4.0	1.0	2.0	4.0	2.0
6.0	177.0	0.0	615.6354	0.0	0.0	2.0	1.0	5.0	0.0	5.0	1.0	1.0	3.0	4.0	2.0	4.0	1.0
3.0	274.0	0.0	251.1992	0.0	0.0	3.0	2.0	4.0	0.0	1.0	0.0	1.0	5.0	2.0	2.0	3.0	2.0
2.0	60.0	0.0	320.5437	0.0	0.0	2.0	1.0	2.0	0.0	1.0	1.0	1.0	4.0	1.0	2.0	4.0	2.0
3.0	248.0	0.0	72.133	0.0	0.0	2.0	1.0	8.0	8.0	4.0	1.0	1.0	3.0	1.0	2.0	4.0	1.0
4.0	4.0	0.0	187.0045	1.0	0.0	0.0	1.0	2.0	0.0	1.0	1.0	1.0	3.0	2.0	2.0	4.0	1.0
6.0	15.0	0.0	345.0267	1.0	0.0	0.0	2.0	2.0	0.0	1.0	1.0	1.0	3.0	2.0	2.0	4.0	1.0
0.0	372.0	0.0	134.0363	0.0	0.0	45.0	1.0	2.0	0.0	1.0	1.0	1.0	4.0	2.0	2.0	4.0	2.0
6.0	9.0	0.0	157.7786	1.0	0.0	0.0	1.0	2.0	0.0	1.0	1.0	1.0	3.0	4.0	2.0	2.0	1.0
2.0	291.0	0.0	713.5722	0.0	0.0	12.0	1.0	6.0	0.0	6.0	1.0	1.0	4.0	4.0	2.0	3.0	1.0
5.0	219.0	0.0	102.2791	1.0	0.0	6.0	2.0	4.0	3.0	3.0	1.0	1.0	4.0	1.0	2.0	4.0	1.0
4.0	12.0	0.0	315.2613	0.0	0.0	0.0	2.0	2.0	0.0	1.0	1.0	1.0	3.0	3.0	2.0	4.0	1.0
5.0	340.0	0.0	136.558	1.0	0.0	42.0	2.0	2.0	0.0	1.0	1.0	1.0	3.0	2.0	2.0	4.0	2.0
3.0	85.0	0.0	407.7798	1.0	0.0	3.0	2.0	2.0	0.0	1.0	1.0	1.0	4.0	2.0	2.0	4.0	2.0
3.0	339.0	0.0	159.1617	0.0	0.0	1.0	1.0	2.0	0.0	1.0	1.0	1.0	4.0	1.0	2.0	3.0	2.0
5.0	10.0	0.0	103.4979	0.0	0.0	0.0	2.0	2.0	2.0	1.0	1.0	1.0	4.0	1.0	2.0	3.0	1.0
6.0	31.0	0.0	221.6696	0.0	0.0	5.0	2.0	1.0	3.0	1.0	1.0	1.0	3.0	2.0	2.0	2.0	2.0
1.0	199.0	0.0	41.4606	1.0	0.0	2.0	1.0	2.0	0.0	1.0	1.0	1.0	3.0	0.0	2.0	4.0	2.0
5.0	28.0	0.0	167.0251	1.0	0.0	0.0	1.0	2.0	0.0	1.0	1.0	1.0	3.0	2.0	2.0	4.0	1.0
1.0	33.0	0.0	107.9517	1.0	0.0	1.0	1.0	2.0	0.0	1.0	1.0	1.0	4.0	3.0	2.0	4.0	1.0
2.0	292.0	0.0	78.8139	0.0	0.0	40.0	1.0	2.0	0.0	1.0	1.0	1.0	3.0	2.0	2.0	4.0	2.0
2.0	377.0	0.0	229.8279	0.0	0.0	23.0	2.0	2.0	0.0	1.0	1.0	1.0	4.0	2.0	2.0	3.0	2.0
4.0	368.0	0.0	211.6461	1.0	0.0	2.0	1.0	2.0	0.0	1.0	1.0	1.0	4.0	2.0	2.0	3.0	2.0
3.0	288.0	0.0	61.3137	1.0	0.0	0.0	1.0	2.0	0.0	1.0	1.0	0.0	4.0	2.0	2.0	4.0	2.0
6.0	241.0	0.0	453.4185	0.0	0.0	20.0	1.0	2.0	0.0	1.0	1.0	1.0	4.0	1.0	2.0	4.0	2.0
6.0	212.0	0.0	0.8814	1.0	0.0	4.0	1.0	3.0	2.0	1.0	1.0	0.0	3.0	2.0	2.0	4.0	2.0
3.0	225.0	0.0	346.3254	1.0	0.0	0.0	1.0	2.0	0.0	1.0	1.0	1.0	4.0	1.0	2.0	3.0	2.0
0.0	193.0	0.0	96.3721	0.0	0.0	3.0	1.0	2.0	2.0	1.0	1.0	0.0	3.0	2.0	2.0	4.0	2.0
2.0	288.0	0.0	513.4707	0.0	0.0	21.0	3.0	2.0	0.0	1.0	1.0	1.0	4.0	4.0	2.0	4.0	2.0
6.0	179.0	0.0	175.2468	0.0	0.0	13.0	1.0	2.0	0.0	1.0	1.0	1.0	3.0	2.0	2.0	4.0	2.0
6.0	63.0	0.0	7.619	1.0	0.0	0.0	1.0	2.0	0.0	1.0	1.0	1.0	4.0	2.0	2.0	4.0	1.0
1.0	248.0	0.0	75.7385	0.0	0.0	2.0	1.0	2.0	0.0	1.0	1.0	0.0	3.0	4.0	2.0	3.0	2.0
4.0	62.0	0.0	156.1884	1.0	0.0	0.0	1.0	2.0	1.0	1.0	1.0	1.0	4.0	3.0	2.0	4.0	1.0
2.0	329.0	0.0	229.8542	0.0	1.0	16.0	2.0	2.0	0.0	1.0	1.0	1.0	4.0	1.0	2.0	3.0	2.0
3.0	210.0	0.0	133.972	0.0	0.0	3.0	1.0	2.0	0.0	1.0	1.0	1.0	4.0	1.0	2.0	4.0	2.0
3.0	391.0	0.0	224.6607	0.0	0.0	31.0	2.0	2.0	0.0	1.0	1.0	1.0	4.0	1.0	2.0	4.0	2.0
5.0	220.0	0.0	341.6435	0.0	0.0	2.0	3.0	2.0	0.0	1.0	1.0	1.0	4.0	0.0	2.0	4.0	2.0
6.0	62.0	0.0	360.9304	1.0	0.0	0.0	2.0	2.0	0.0	1.0	1.0	1.0	4.0	4.0	2.0	4.0	1.0
3.0	36.0	0.0	367.2647	0.0	0.0	3.0	1.0	4.0	4.0	2.0	1.0	1.0	4.0	2.0	2.0	4.0	1.0
1.0	9.0	0.0	345.6483	1.0	0.0	1.0	2.0	2.0	2.0	1.0	1.0	1.0	3.0	2.0	2.0	4.0	1.0
5.0	175.0	0.0	181.2051	1.0	0.0	1.0	1.0	6.0	1.0	2.0	1.0	0.0	4.0	2.0	2.0	4.0	1.0
6.0	345.0	0.0	12.9585	0.0	0.0	1.0	1.0	1.0	0.0	1.0	1.0	1.0	3.0	2.0	2.0	3.0	2.0
1.0	5.0	0.0	206.5609	0.0	0.0	0.0	3.0	2.0	0.0	1.0	1.0	1.0	4.0	2.0	2.0	4.0	1.0
0.0	206.0	0.0	154.4086	0.0	0.0	11.0	2.0	6.0	5.0	5.0	1.0	1.0	4.0	2.0	2.0	3.0	1.0
6.0	74.0	0.0	0.1332	1.0	0.0	0.0	1.0	2.0	0.0	1.0	1.0	1.0	5.0	2.0	2.0	4.0	1.0
4.0	157.0	0.0	31.8325	0.0	0.0	3.0	3.0	7.0	0.0	4.0	1.0	1.0	4.0	0.0	2.0	4.0	1.0
2.0	300.0	0.0	75.5456	0.0	0.0	7.0	1.0	3.0	0.0	1.0	1.0	1.0	3.0	4.0	2.0	2.0	2.0
6.0	63.0	0.0	0.1867	1.0	0.0	0.0	1.0	6.0	0.0	3.0	1.0	1.0	3.0	1.0	2.0	3.0	1.0
0.0	58.0	0.0	118.4989	0.0	0.0	0.0	1.0	1.0	0.0	1.0	1.0	1.0	3.0	2.0	2.0	4.0	2.0
6.0	13.0	0.0	263.4357	0.0	0.0	14.0	2.0	6.0	0.0	3.0	1.0	0.0	3.0	1.0	2.0	4.0	1.0
0.0	459.0	0.0	168.7415	1.0	0.0	90.0	-88.0	2.0	0.0	1.0	1.0	0.0	4.0	3.0	3.0	3.0	1.0
5.0	28.0	0.0	0.2275	0.0	0.0	0.0	1.0	3.0	0.0	1.0	1.0	1.0	4.0	1.0	3.0	4.0	1.0
4.0	26.0	0.0	37.9787	0.0	0.0	0.0	1.0	1.0	0.0	1.0	1.0	1.0	4.0	3.0	3.0	4.0	1.0
2.0	419.0	0.0	29.733	1.0	0.0	0.0	2.0	2.0	0.0	1.0	1.0	1.0	5.0	2.0	3.0	4.0	1.0
3.0	459.0	0.0	0.2275	1.0	0.0	1.0	2.0	1.0	0.0	1.0	1.0	1.0	5.0	2.0	3.0	4.0	1.0
1.0	439.0	0.0	10.1495	1.0	0.0	0.0	1.0	2.0	1.0	1.0	1.0	1.0	5.0	2.0	3.0	4.0	1.0
6.0	31.0	0.0	0.6328	0.0	0.0	0.0	1.0	1.0	0.0	1.0	1.0	1.0	5.0	1.0	3.0	4.0	1.0
5.0	29.0	0.0	14.8549	1.0	0.0	0.0	1.0	2.0	2.0	1.0	1.0	1.0	4.0	0.0	3.0	4.0	1.0
5.0	434.0	0.0	0.8659	0.0	0.0	1.0	1.0	2.0	0.0	1.0	1.0	1.0	5.0	3.0	3.0	3.0	1.0
6.0	47.0	0.0	0.2142	0.0	0.0	4.0	3.0	4.0	0.0	2.0	1.0	1.0	4.0	2.0	3.0	4.0	1.0
6.0	10.0	0.0	5.7353	0.0	0.0	6.0	1.0	3.0	0.0	1.0	1.0	1.0	4.0	1.0	3.0	3.0	1.0
1.0	463.0	0.0	0.2655	1.0	0.0	3.0	1.0	2.0	0.0	1.0	1.0	1.0	5.0	2.0	3.0	4.0	1.0
4.0	443.0	0.0	34.4807	1.0	0.0	0.0	1.0	1.0	0.0	1.0	1.0	1.0	5.0	2.0	3.0	4.0	1.0
6.0	27.0	0.0	45.2783	1.0	0.0	2.0	1.0	2.0	2.0	1.0	1.0	1.0	4.0	0.0	3.0	4.0	1.0
0.0	37.0	0.0	3.2862	1.0	0.0	0.0	1.0	2.0	2.0	1.0	1.0	1.0	4.0	3.0	3.0	4.0	1.0
1.0	488.0	0.0	5.1038	1.0	0.0	9.0	1.0	2.0	0.0	1.0	1.0	1.0	5.0	2.0	3.0	4.0	1.0
0.0	444.0	0.0	22.5389	0.0	0.0	0.0	1.0	2.0	2.0	1.0	1.0	1.0	4.0	4.0	3.0	4.0	1.0
2.0	339.0	0.0	85.9081	0.0	0.0	10.0	1.0	2.0	0.0	1.0	1.0	1.0	4.0	4.0	4.0	4.0	4.0
2.0	438.0	0.0	28.0599	0.0	0.0	0.0	3.0	2.0	0.0	1.0	1.0	1.0	5.0	2.0	3.0	4.0	1.0
0.0	420.0	0.0	80.6453	0.0	0.0	6.0	1.0	2.0	0.0	1.0	1.0	1.0	5.0	4.0	3.0	4.0	1.0
1.0	435.0	0.0	2.2777	1.0	0.0	1.0	1.0	2.0	0.0	1.0	1.0	1.0	4.0	3.0	3.0	4.0	1.0
5.0	407.0	0.0	5.7592	1.0	0.0	0.0	1.0	2.0	0.0	1.0	1.0	1.0	4.0	3.0	3.0	4.0	1.0
6.0	504.0	0.0	9.5117	0.0	0.0	7.0	1.0	2.0	0.0	1.0	1.0	1.0	5.0	4.0	3.0	3.0	1.0
4.0	440.0	0.0	23.7304	1.0	0.0	0.0	1.0	2.0	0.0	1.0	1.0	0.0	4.0	4.0	3.0	4.0	1.0
1.0	390.0	0.0	42.6967	0.0	0.0	1.0	2.0	1.0	0.0	1.0	1.0	1.0	5.0	4.0	3.0	3.0	1.0
0.0	464.0	0.0	15.7441	0.0	0.0	0.0	1.0	5.0	0.0	1.0	1.0	1.0	3.0	4.0	3.0	4.0	1.0
2.0	423.0	0.0	1.6577	1.0	0.0	2.0	1.0	2.0	0.0	1.0	1.0	1.0	5.0	1.0	3.0	4.0	1.0
2.0	423.0	0.0	9.1512	1.0	0.0	0.0	2.0	2.0	0.0	1.0	1.0	1.0	5.0	2.0	3.0	4.0	1.0
1.0	476.0	0.0	56.2524	0.0	0.0	4.0	1.0	2.0	0.0	1.0	1.0	1.0	4.0	4.0	3.0	4.0	1.0
4.0	521.0	0.0	9.5117	0.0	0.0	7.0	1.0	2.0	0.0	1.0	1.0	1.0	5.0	4.0	3.0	3.0	1.0
4.0	475.0	0.0	55.5824	1.0	0.0	1.0	1.0	2.0	3.0	1.0	1.0	1.0	4.0	3.0	3.0	4.0	1.0
2.0	391.0	0.0	129.6025	1.0	0.0	3.0	3.0	2.0	0.0	1.0	1.0	1.0	4.0	4.0	3.0	4.0	1.0
6.0	446.0	0.0	14.7977	0.0	0.0	4.0	2.0	2.0	0.0	1.0	1.0	1.0	5.0	1.0	3.0	4.0	1.0
1.0	386.0	0.0	4.2474	0.0	0.0	0.0	1.0	1.0	0.0	1.0	1.0	1.0	4.0	4.0	3.0	4.0	1.0
4.0	415.0	0.0	9.9662	1.0	0.0	0.0	1.0	4.0	0.0	1.0	1.0	1.0	4.0	4.0	3.0	3.0	1.0
6.0	463.0	0.0	42.791	0.0	0.0	21.0	1.0	2.0	0.0	1.0	1.0	1.0	4.0	4.0	3.0	4.0	1.0
1.0	478.0	0.0	1.2726	0.0	0.0	4.0	4.0	1.0	0.0	1.0	1.0	1.0	5.0	3.0	3.0	4.0	1.0
3.0	356.0	0.0	0.5331	0.0	0.0	3.0	1.0	1.0	0.0	1.0	1.0	1.0	5.0	2.0	3.0	4.0	1.0
1.0	504.0	0.0	1.1585	0.0	0.0	1.0	3.0	1.0	0.0	1.0	1.0	1.0	5.0	3.0	3.0	4.0	1.0
4.0	499.0	0.0	21.1117	1.0	0.0	1.0	3.0	2.0	0.0	1.0	1.0	1.0	5.0	3.0	3.0	3.0	1.0
3.0	389.0	0.0	2.9858	1.0	0.0	0.0	1.0	2.0	0.0	1.0	1.0	1.0	4.0	3.0	3.0	4.0	1.0
0.0	451.0	0.0	58.2487	0.0	0.0	5.0	1.0	1.0	0.0	1.0	1.0	1.0	5.0	3.0	3.0	4.0	1.0
0.0	459.0	0.0	32.1317	1.0	0.0	4.0	1.0	1.0	0.0	1.0	1.0	1.0	4.0	4.0	3.0	4.0	1.0
4.0	406.0	0.0	144.3856	1.0	0.0	1.0	1.0	2.0	0.0	1.0	1.0	1.0	4.0	4.0	3.0	4.0	1.0
4.0	470.0	0.0	6.9379	0.0	0.0	1.0	1.0	2.0	0.0	1.0	1.0	1.0	5.0	2.0	3.0	4.0	1.0
3.0	415.0	0.0	0.5913	1.0	0.0	1.0	3.0	2.0	0.0	1.0	1.0	1.0	5.0	2.0	3.0	4.0	1.0
5.0	472.0	0.0	8.961	1.0	0.0	0.0	1.0	2.0	0.0	1.0	1.0	1.0	5.0	2.0	3.0	4.0	1.0
4.0	373.0	0.0	0.3332	0.0	0.0	1.0	1.0	2.0	0.0	1.0	1.0	1.0	4.0	3.0	3.0	4.0	1.0
1.0	364.0	0.0	6.8545	0.0	0.0	3.0	1.0	1.0	0.0	1.0	1.0	1.0	5.0	4.0	3.0	3.0	1.0
2.0	512.0	0.0	1.1585	1.0	0.0	3.0	1.0	1.0	0.0	1.0	1.0	1.0	5.0	3.0	3.0	4.0	1.0
2.0	393.0	0.0	8.0883	0.0	0.0	1.0	1.0	2.0	0.0	1.0	1.0	1.0	5.0	1.0	3.0	4.0	1.0
6.0	482.0	0.0	0.8659	0.0	0.0	2.0	1.0	2.0	0.0	1.0	1.0	1.0	4.0	3.0	3.0	4.0	1.0
4.0	451.0	0.0	29.5825	1.0	0.0	7.0	2.0	3.0	0.0	1.0	1.0	1.0	4.0	2.0	3.0	4.0	1.0
2.0	433.0	0.0	87.3744	1.0	0.0	1.0	2.0	2.0	0.0	1.0	1.0	1.0	5.0	1.0	3.0	4.0	1.0
3.0	366.0	0.0	20.8324	0.0	0.0	2.0	1.0	1.0	0.0	1.0	1.0	1.0	4.0	4.0	3.0	4.0	1.0
3.0	445.0	0.0	3.0497	0.0	0.0	1.0	2.0	2.0	0.0	1.0	1.0	1.0	4.0	3.0	3.0	4.0	1.0
1.0	392.0	0.0	29.0968	0.0	0.0	2.0	1.0	2.0	0.0	1.0	1.0	1.0	5.0	3.0	3.0	3.0	1.0
5.0	433.0	0.0	19.0256	0.0	0.0	0.0	5.0	1.0	0.0	1.0	1.0	1.0	4.0	3.0	3.0	4.0	1.0
1.0	370.0	0.0	11.7375	0.0	0.0	1.0	1.0	1.0	0.0	1.0	1.0	1.0	4.0	4.0	3.0	4.0	1.0
3.0	441.0	0.0	12.7868	0.0	0.0	1.0	1.0	2.0	0.0	1.0	1.0	1.0	4.0	3.0	3.0	4.0	1.0
4.0	459.0	0.0	1.8515	1.0	0.0	5.0	1.0	1.0	0.0	1.0	1.0	1.0	4.0	3.0	3.0	4.0	1.0
0.0	418.0	0.0	119.3775	0.0	0.0	1.0	2.0	2.0	0.0	1.0	1.0	1.0	4.0	4.0	3.0	4.0	1.0
4.0	432.0	0.0	21.2596	0.0	0.0	0.0	1.0	2.0	0.0	1.0	1.0	1.0	5.0	3.0	3.0	3.0	1.0
3.0	481.0	0.0	63.5077	0.0	0.0	10.0	1.0	2.0	0.0	1.0	1.0	1.0	5.0	2.0	3.0	4.0	1.0
5.0	408.0	0.0	0.5331	1.0	0.0	0.0	1.0	2.0	0.0	1.0	1.0	1.0	5.0	1.0	3.0	4.0	1.0
2.0	430.0	0.0	7.0652	1.0	0.0	2.0	1.0	2.0	0.0	1.0	1.0	1.0	5.0	1.0	3.0	4.0	1.0
1.0	410.0	0.0	43.4178	0.0	0.0	13.0	1.0	2.0	0.0	1.0	1.0	1.0	5.0	2.0	3.0	4.0	1.0
2.0	451.0	0.0	25.0468	1.0	0.0	4.0	1.0	2.0	0.0	1.0	1.0	1.0	5.0	1.0	3.0	4.0	1.0
4.0	458.0	0.0	60.7239	1.0	0.0	0.0	1.0	2.0	2.0	1.0	1.0	1.0	4.0	3.0	3.0	4.0	1.0
2.0	476.0	0.0	1.7349	1.0	0.0	17.0	2.0	2.0	2.0	1.0	1.0	1.0	5.0	1.0	3.0	4.0	1.0
6.0	424.0	0.0	11.1337	0.0	0.0	0.0	1.0	1.0	0.0	1.0	1.0	1.0	5.0	1.0	3.0	4.0	1.0
2.0	410.0	0.0	121.6025	0.0	0.0	3.0	1.0	4.0	2.0	2.0	1.0	1.0	4.0	1.0	3.0	4.0	1.0
3.0	450.0	0.0	36.9858	1.0	0.0	2.0	1.0	6.0	0.0	1.0	1.0	1.0	4.0	2.0	3.0	3.0	1.0
5.0	33.0	0.0	57.153	1.0	0.0	0.0	1.0	2.0	0.0	1.0	1.0	1.0	4.0	2.0	3.0	4.0	1.0
4.0	427.0	0.0	17.3726	1.0	0.0	0.0	1.0	2.0	0.0	1.0	1.0	1.0	4.0	4.0	3.0	3.0	1.0
2.0	470.0	0.0	21.3969	1.0	0.0	17.0	1.0	2.0	3.0	1.0	1.0	1.0	5.0	2.0	3.0	4.0	1.0
3.0	505.0	0.0	46.2744	1.0	0.0	1.0	1.0	2.0	0.0	1.0	1.0	1.0	5.0	2.0	3.0	4.0	1.0
3.0	376.0	0.0	0.2965	1.0	0.0	1.0	2.0	2.0	0.0	1.0	1.0	1.0	5.0	1.0	3.0	4.0	1.0
0.0	453.0	0.0	3.2862	0.0	0.0	17.0	2.0	2.0	0.0	1.0	1.0	1.0	5.0	2.0	3.0	4.0	1.0
2.0	481.0	0.0	61.9794	0.0	0.0	2.0	1.0	2.0	1.0	1.0	1.0	1.0	5.0	2.0	3.0	4.0	1.0
3.0	473.0	0.0	56.8589	0.0	0.0	14.0	1.0	2.0	0.0	1.0	1.0	1.0	5.0	2.0	3.0	4.0	1.0
0.0	432.0	0.0	10.1622	0.0	0.0	5.0	1.0	3.0	0.0	2.0	1.0	1.0	5.0	0.0	3.0	4.0	1.0
0.0	356.0	0.0	58.4994	0.0	0.0	2.0	2.0	1.0	0.0	1.0	1.0	1.0	5.0	4.0	3.0	4.0	1.0
4.0	394.0	0.0	11.0632	0.0	0.0	0.0	1.0	2.0	0.0	1.0	1.0	1.0	4.0	4.0	3.0	4.0	1.0
6.0	479.0	0.0	0.2244	0.0	0.0	26.0	1.0	4.0	1.0	2.0	1.0	1.0	5.0	0.0	3.0	3.0	1.0
3.0	398.0	0.0	0.1169	0.0	0.0	0.0	1.0	2.0	2.0	1.0	1.0	1.0	5.0	1.0	3.0	4.0	1.0
2.0	479.0	0.0	41.931	0.0	0.0	1.0	1.0	4.0	0.0	1.0	1.0	1.0	4.0	4.0	3.0	4.0	1.0
5.0	409.0	0.0	82.144	0.0	0.0	0.0	1.0	1.0	0.0	1.0	1.0	1.0	5.0	2.0	3.0	4.0	1.0
3.0	444.0	0.0	101.9099	1.0	0.0	21.0	1.0	2.0	0.0	1.0	1.0	1.0	4.0	4.0	3.0	4.0	1.0
3.0	455.0	0.0	5.5443	1.0	0.0	2.0	1.0	2.0	3.0	1.0	1.0	1.0	4.0	2.0	3.0	4.0	1.0
3.0	510.0	0.0	1.1585	0.0	0.0	2.0	2.0	1.0	0.0	1.0	1.0	1.0	5.0	3.0	3.0	4.0	1.0
6.0	504.0	0.0	0.1175	1.0	0.0	41.0	1.0	2.0	0.0	1.0	1.0	1.0	5.0	1.0	3.0	4.0	1.0
3.0	461.0	0.0	40.2945	0.0	0.0	2.0	1.0	2.0	0.0	1.0	1.0	1.0	5.0	2.0	3.0	4.0	1.0
5.0	448.0	0.0	2.4194	0.0	0.0	1.0	1.0	1.0	0.0	1.0	1.0	1.0	5.0	2.0	3.0	4.0	1.0
6.0	438.0	0.0	22.0005	1.0	0.0	0.0	1.0	1.0	0.0	1.0	1.0	1.0	4.0	3.0	3.0	4.0	1.0
1.0	15.0	0.0	216.868	1.0	0.0	0.0	1.0	4.0	0.0	1.0	1.0	1.0	5.0	1.0	3.0	4.0	1.0
0.0	417.0	0.0	20.8437	0.0	0.0	11.0	1.0	2.0	0.0	1.0	1.0	1.0	4.0	4.0	3.0	4.0	1.0
2.0	501.0	0.0	2.4194	1.0	0.0	17.0	2.0	2.0	0.0	1.0	1.0	1.0	4.0	3.0	3.0	4.0	1.0
6.0	445.0	0.0	10.7143	0.0	0.0	3.0	1.0	2.0	0.0	1.0	1.0	1.0	5.0	4.0	3.0	3.0	1.0
5.0	482.0	0.0	0.8659	0.0	0.0	1.0	1.0	2.0	0.0	1.0	1.0	1.0	5.0	2.0	3.0	4.0	1.0
4.0	240.0	0.0	331.7457	0.0	1.0	5.0	2.0	1.0	0.0	1.0	0.0	1.0	3.0	2.0	4.0	3.0	1.0
0.0	394.0	0.0	176.9777	0.0	0.0	11.0	2.0	2.0	0.0	1.0	0.0	1.0	3.0	0.0	4.0	3.0	1.0
3.0	273.0	0.0	155.5809	0.0	0.0	4.0	1.0	2.0	0.0	1.0	1.0	1.0	0.0	4.0	4.0	2.0	1.0
0.0	283.0	0.0	146.4328	0.0	0.0	6.0	1.0	2.0	0.0	1.0	1.0	1.0	0.0	2.0	4.0	2.0	1.0
1.0	385.0	0.0	176.4665	0.0	0.0	8.0	1.0	2.0	0.0	1.0	1.0	0.0	4.0	1.0	4.0	0.0	1.0
5.0	286.0	0.0	178.497	0.0	0.0	5.0	1.0	2.0	0.0	1.0	1.0	0.0	0.0	4.0	4.0	2.0	1.0
4.0	316.0	0.0	341.7037	1.0	0.0	8.0	2.0	2.0	0.0	1.0	0.0	1.0	4.0	1.0	4.0	2.0	1.0
0.0	52.0	0.0	1451.4472	0.0	0.0	3.0	3.0	2.0	0.0	1.0	0.0	1.0	5.0	0.0	4.0	4.0	1.0
2.0	348.0	0.0	182.5795	0.0	0.0	10.0	2.0	2.0	0.0	1.0	1.0	1.0	0.0	2.0	4.0	2.0	1.0
0.0	248.0	0.0	611.8585	0.0	0.0	19.0	8.0	1.0	0.0	1.0	0.0	0.0	2.0	4.0	4.0	2.0	1.0
0.0	274.0	0.0	716.608	0.0	0.0	102.0	3.0	2.0	0.0	1.0	0.0	1.0	4.0	0.0	4.0	3.0	1.0
6.0	355.0	0.0	34.8198	0.0	0.0	0.0	1.0	2.0	0.0	1.0	0.0	0.0	3.0	2.0	4.0	2.0	1.0
2.0	326.0	0.0	270.5376	0.0	0.0	18.0	1.0	2.0	0.0	1.0	0.0	1.0	3.0	2.0	4.0	0.0	1.0
0.0	364.0	0.0	155.0656	1.0	0.0	0.0	1.0	1.0	0.0	1.0	1.0	0.0	2.0	2.0	4.0	2.0	1.0
5.0	274.0	0.0	342.5914	0.0	0.0	8.0	1.0	1.0	0.0	1.0	0.0	1.0	4.0	0.0	4.0	3.0	1.0
4.0	265.0	0.0	93.987	0.0	0.0	0.0	1.0	2.0	0.0	1.0	1.0	1.0	0.0	2.0	4.0	1.0	1.0
0.0	274.0	0.0	621.1637	0.0	0.0	7.0	2.0	2.0	2.0	1.0	1.0	0.0	2.0	4.0	4.0	0.0	1.0
3.0	51.0	0.0	1293.0581	0.0	1.0	43.0	3.0	2.0	0.0	1.0	0.0	0.0	5.0	1.0	4.0	3.0	1.0
5.0	178.0	0.0	114.8417	0.0	0.0	7.0	2.0	2.0	0.0	1.0	1.0	1.0	0.0	2.0	4.0	2.0	1.0
4.0	198.0	0.0	484.0235	0.0	0.0	6.0	1.0	1.0	0.0	1.0	0.0	1.0	3.0	1.0	4.0	4.0	1.0
4.0	38.0	0.0	1250.271	0.0	0.0	30.0	2.0	2.0	2.0	1.0	0.0	0.0	4.0	2.0	4.0	4.0	1.0
4.0	82.0	0.0	511.2114	0.0	0.0	10.0	1.0	2.0	0.0	1.0	0.0	0.0	2.0	0.0	4.0	2.0	1.0
0.0	365.0	0.0	199.2592	0.0	0.0	10.0	2.0	2.0	2.0	1.0	1.0	1.0	3.0	1.0	4.0	0.0	1.0
1.0	389.0	0.0	409.1312	1.0	0.0	68.0	1.0	2.0	0.0	1.0	1.0	0.0	4.0	0.0	4.0	1.0	1.0
2.0	301.0	0.0	151.8054	1.0	0.0	0.0	3.0	2.0	0.0	1.0	1.0	0.0	0.0	2.0	4.0	3.0	1.0
2.0	258.0	0.0	527.2338	0.0	0.0	30.0	1.0	1.0	0.0	1.0	0.0	1.0	4.0	2.0	4.0	3.0	1.0
3.0	143.0	0.0	100.2373	0.0	0.0	0.0	1.0	1.0	0.0	1.0	1.0	1.0	0.0	2.0	4.0	2.0	1.0
2.0	301.0	0.0	305.2513	0.0	0.0	27.0	1.0	2.0	0.0	1.0	1.0	0.0	2.0	2.0	4.0	2.0	1.0
2.0	438.0	0.0	181.4467	0.0	0.0	23.0	2.0	2.0	2.0	1.0	1.0	0.0	0.0	1.0	4.0	0.0	1.0
2.0	225.0	0.0	374.6871	0.0	0.0	15.0	1.0	2.0	0.0	1.0	0.0	1.0	3.0	1.0	4.0	2.0	1.0
1.0	351.0	0.0	190.0154	0.0	0.0	31.0	2.0	2.0	0.0	1.0	0.0	0.0	4.0	1.0	4.0	2.0	1.0
0.0	227.0	0.0	136.6899	0.0	0.0	0.0	3.0	1.0	0.0	1.0	1.0	1.0	0.0	4.0	4.0	1.0	1.0
0.0	300.0	0.0	454.0613	0.0	0.0	26.0	7.0	1.0	0.0	1.0	0.0	0.0	2.0	4.0	4.0	3.0	1.0
3.0	251.0	0.0	313.4394	0.0	0.0	20.0	1.0	2.0	0.0	1.0	0.0	0.0	4.0	2.0	4.0	2.0	1.0
3.0	221.0	0.0	276.4598	1.0	0.0	0.0	1.0	1.0	0.0	1.0	1.0	0.0	0.0	2.0	4.0	2.0	1.0
2.0	321.0	0.0	524.1751	0.0	0.0	39.0	5.0	1.0	0.0	1.0	0.0	1.0	3.0	2.0	4.0	3.0	1.0
4.0	372.0	0.0	354.8363	0.0	1.0	47.0	2.0	2.0	0.0	1.0	0.0	1.0	4.0	0.0	4.0	2.0	1.0
0.0	370.0	0.0	260.2381	0.0	0.0	8.0	2.0	2.0	0.0	1.0	0.0	0.0	3.0	2.0	4.0	2.0	1.0
2.0	48.0	0.0	1315.9266	0.0	0.0	4.0	2.0	2.0	1.0	1.0	0.0	1.0	4.0	1.0	4.0	4.0	1.0
0.0	71.0	0.0	975.8503	0.0	1.0	56.0	3.0	2.0	0.0	1.0	1.0	1.0	3.0	1.0	4.0	2.0	1.0
3.0	136.0	0.0	339.5674	0.0	0.0	1.0	1.0	2.0	0.0	1.0	0.0	0.0	3.0	2.0	4.0	3.0	1.0
2.0	298.0	0.0	131.0302	0.0	0.0	3.0	1.0	2.0	0.0	1.0	1.0	1.0	0.0	3.0	4.0	2.0	1.0
2.0	344.0	0.0	219.3537	0.0	0.0	37.0	4.0	2.0	1.0	1.0	1.0	0.0	0.0	0.0	4.0	2.0	1.0
1.0	417.0	0.0	110.3339	0.0	0.0	13.0	1.0	1.0	0.0	1.0	0.0	1.0	4.0	1.0	4.0	2.0	1.0
0.0	276.0	0.0	281.4581	0.0	0.0	0.0	1.0	2.0	0.0	1.0	0.0	0.0	3.0	0.0	4.0	3.0	1.0
3.0	323.0	0.0	196.147	0.0	0.0	2.0	1.0	2.0	2.0	1.0	0.0	1.0	3.0	1.0	4.0	2.0	1.0
3.0	286.0	0.0	61.2161	0.0	0.0	36.0	1.0	2.0	0.0	1.0	0.0	1.0	3.0	1.0	4.0	2.0	1.0
1.0	360.0	0.0	345.8626	0.0	0.0	7.0	2.0	1.0	0.0	1.0	1.0	0.0	3.0	2.0	4.0	1.0	1.0
1.0	171.0	0.0	126.2174	0.0	0.0	33.0	4.0	1.0	0.0	1.0	1.0	1.0	0.0	2.0	4.0	2.0	1.0
1.0	319.0	0.0	333.5692	0.0	0.0	33.0	1.0	2.0	0.0	1.0	1.0	1.0	2.0	2.0	4.0	1.0	1.0
3.0	299.0	0.0	292.608	0.0	0.0	15.0	1.0	2.0	0.0	1.0	1.0	0.0	3.0	0.0	4.0	1.0	1.0
0.0	293.0	0.0	331.2848	0.0	0.0	28.0	2.0	2.0	0.0	1.0	1.0	0.0	3.0	1.0	4.0	2.0	1.0
1.0	346.0	0.0	148.4489	1.0	0.0	16.0	1.0	2.0	0.0	1.0	1.0	0.0	3.0	1.0	4.0	1.0	1.0
2.0	219.0	0.0	161.0437	1.0	0.0	0.0	1.0	2.0	0.0	1.0	1.0	0.0	3.0	2.0	4.0	0.0	1.0
3.0	298.0	0.0	507.253	0.0	0.0	60.0	2.0	2.0	0.0	1.0	0.0	0.0	3.0	2.0	4.0	2.0	1.0
4.0	155.0	0.0	288.7197	0.0	0.0	0.0	1.0	2.0	0.0	1.0	0.0	1.0	3.0	2.0	4.0	2.0	1.0
2.0	328.0	0.0	331.7457	0.0	0.0	11.0	4.0	1.0	0.0	1.0	0.0	1.0	3.0	2.0	4.0	3.0	1.0
0.0	58.0	0.0	450.9731	0.0	0.0	5.0	1.0	2.0	0.0	1.0	1.0	1.0	3.0	0.0	4.0	1.0	1.0
1.0	22.0	0.0	964.633	1.0	1.0	20.0	2.0	2.0	0.0	1.0	1.0	0.0	3.0	1.0	4.0	3.0	1.0
0.0	240.0	0.0	587.4717	0.0	0.0	63.0	1.0	1.0	2.0	1.0	1.0	1.0	3.0	1.0	4.0	2.0	1.0
1.0	274.0	0.0	329.0742	0.0	1.0	1.0	1.0	1.0	0.0	1.0	0.0	1.0	4.0	0.0	4.0	3.0	1.0
2.0	364.0	0.0	259.9185	0.0	0.0	11.0	1.0	1.0	0.0	1.0	0.0	0.0	2.0	4.0	4.0	3.0	1.0
2.0	289.0	0.0	676.9642	0.0	0.0	46.0	2.0	2.0	0.0	1.0	1.0	1.0	3.0	3.0	4.0	1.0	1.0
1.0	389.0	0.0	157.5929	0.0	0.0	3.0	1.0	2.0	0.0	1.0	0.0	0.0	4.0	2.0	4.0	1.0	1.0
0.0	172.0	0.0	511.7213	0.0	0.0	19.0	1.0	2.0	0.0	1.0	1.0	1.0	3.0	0.0	4.0	1.0	1.0
4.0	218.0	0.0	5208.3832	0.0	0.0	369.0	-61.0	2.0	0.0	1.0	0.0	1.0	5.0	4.0	4.0	3.0	1.0
4.0	19.0	0.0	1497.9125	0.0	1.0	118.0	4.0	2.0	0.0	1.0	0.0	1.0	5.0	1.0	4.0	3.0	1.0
4.0	317.0	0.0	515.4001	0.0	0.0	21.0	1.0	1.0	1.0	1.0	1.0	0.0	2.0	2.0	4.0	2.0	1.0
2.0	207.0	0.0	244.8365	0.0	0.0	13.0	3.0	2.0	1.0	1.0	0.0	0.0	3.0	1.0	4.0	4.0	1.0
2.0	165.0	0.0	571.8425	0.0	0.0	26.0	1.0	5.0	0.0	1.0	1.0	1.0	3.0	0.0	4.0	1.0	1.0
1.0	196.0	0.0	595.3773	0.0	0.0	20.0	2.0	1.0	0.0	1.0	1.0	1.0	3.0	1.0	4.0	2.0	1.0
3.0	245.0	0.0	653.3778	0.0	0.0	58.0	1.0	1.0	0.0	1.0	1.0	1.0	3.0	1.0	4.0	1.0	1.0
0.0	369.0	0.0	334.7416	0.0	0.0	54.0	1.0	2.0	0.0	1.0	1.0	1.0	3.0	1.0	4.0	1.0	1.0
0.0	246.0	0.0	253.2216	0.0	0.0	3.0	1.0	1.0	3.0	1.0	1.0	0.0	3.0	2.0	4.0	1.0	1.0
2.0	480.0	0.0	1640.3827	0.0	0.0	243.0	-169.0	2.0	0.0	1.0	1.0	1.0	5.0	2.0	4.0	4.0	1.0
3.0	249.0	0.0	313.4394	0.0	0.0	20.0	1.0	1.0	0.0	1.0	0.0	0.0	4.0	2.0	4.0	2.0	1.0
0.0	187.0	0.0	346.3737	0.0	0.0	2.0	1.0	1.0	0.0	1.0	1.0	0.0	3.0	0.0	4.0	3.0	1.0
4.0	284.0	0.0	381.033	0.0	0.0	10.0	3.0	1.0	0.0	1.0	0.0	1.0	4.0	1.0	4.0	2.0	1.0
0.0	335.0	0.0	530.7649	1.0	0.0	15.0	1.0	2.0	0.0	1.0	0.0	1.0	3.0	2.0	4.0	2.0	1.0
1.0	318.0	0.0	801.2464	0.0	0.0	65.0	3.0	2.0	0.0	1.0	1.0	1.0	3.0	2.0	4.0	0.0	1.0
0.0	351.0	0.0	243.725	0.0	0.0	5.0	1.0	1.0	0.0	1.0	1.0	0.0	3.0	1.0	4.0	1.0	1.0
0.0	289.0	0.0	327.4567	0.0	0.0	14.0	1.0	2.0	0.0	1.0	1.0	0.0	3.0	1.0	4.0	2.0	1.0
0.0	52.0	0.0	873.3443	0.0	0.0	4.0	1.0	2.0	0.0	1.0	0.0	1.0	4.0	1.0	4.0	4.0	1.0
0.0	268.0	0.0	343.4333	0.0	0.0	11.0	2.0	1.0	0.0	1.0	0.0	1.0	3.0	3.0	4.0	2.0	1.0
4.0	340.0	0.0	116.8965	0.0	0.0	1.0	1.0	1.0	0.0	1.0	0.0	0.0	3.0	2.0	4.0	2.0	1.0
0.0	296.0	0.0	422.1426	1.0	0.0	17.0	3.0	2.0	0.0	1.0	1.0	1.0	2.0	1.0	4.0	2.0	1.0
0.0	32.0	0.0	994.9597	0.0	1.0	137.0	3.0	2.0	0.0	1.0	0.0	0.0	5.0	0.0	4.0	4.0	1.0
2.0	347.0	0.0	172.4081	1.0	0.0	0.0	2.0	2.0	0.0	1.0	1.0	0.0	0.0	2.0	4.0	2.0	1.0
1.0	281.0	0.0	434.9578	0.0	0.0	4.0	1.0	2.0	0.0	1.0	0.0	0.0	3.0	2.0	4.0	2.0	1.0
4.0	260.0	0.0	573.9109	0.0	0.0	28.0	2.0	2.0	0.0	1.0	1.0	0.0	2.0	2.0	4.0	2.0	1.0
0.0	225.0	0.0	525.9095	0.0	0.0	7.0	1.0	2.0	0.0	1.0	1.0	1.0	3.0	4.0	4.0	0.0	1.0
3.0	296.0	0.0	410.0905	0.0	0.0	74.0	1.0	2.0	0.0	1.0	1.0	0.0	0.0	1.0	4.0	2.0	1.0
2.0	196.0	0.0	540.3573	0.0	0.0	23.0	2.0	1.0	0.0	1.0	1.0	1.0	3.0	0.0	4.0	2.0	1.0
6.0	321.0	0.0	342.803	0.0	0.0	11.0	1.0	2.0	0.0	1.0	1.0	0.0	2.0	2.0	4.0	2.0	1.0
1.0	239.0	0.0	442.4569	1.0	0.0	22.0	3.0	2.0	0.0	1.0	0.0	1.0	3.0	2.0	4.0	2.0	1.0
2.0	340.0	0.0	197.6154	1.0	0.0	0.0	1.0	2.0	0.0	1.0	1.0	0.0	3.0	1.0	4.0	1.0	1.0
6.0	344.0	0.0	323.1267	0.0	0.0	7.0	1.0	1.0	0.0	1.0	1.0	0.0	2.0	2.0	4.0	1.0	1.0
2.0	344.0	0.0	780.9317	1.0	1.0	78.0	3.0	2.0	0.0	1.0	0.0	1.0	4.0	1.0	4.0	2.0	1.0
1.0	287.0	0.0	394.1075	0.0	0.0	100.0	1.0	2.0	0.0	1.0	1.0	0.0	2.0	2.0	4.0	2.0	1.0
1.0	353.0	0.0	432.9875	0.0	0.0	22.0	1.0	1.0	0.0	1.0	1.0	1.0	3.0	2.0	4.0	1.0	1.0
